0.66,-0.20,0.68
0.66,-0.20,0.68
0.66,-0.21,0.67
0.66,-0.18,0.66
0.65,-0.18,0.66
0.66,-0.19,0.68
0.66,-0.19,0.69
0.66,-0.19,0.67
0.66,-0.19,0.68
0.66,-0.20,0.67
0.66,-0.20,0.67
0.66,-0.20,0.67
0.66,-0.18,0.67
0.65,-0.17,0.67
0.66,-0.18,0.68


x,y,z
0.47,-0.17,0.84
0.47,-0.19,0.85
0.47,-0.22,0.86
0.48,-0.22,0.90
0.47,-0.20,0.94
0.47,-0.22,0.95
0.50,-0.20,0.92
0.52,-0.11,0.90
0.49,-0.05,0.91
0.49,0.02,0.93
0.49,0.15,0.96
0.48,0.33,0.95
0.48,0.58,0.89
0.51,0.74,0.95
0.62,0.97,1.04
0.68,1.14,1.00
0.63,1.06,0.85
0.58,0.93,0.73
0.39,0.59,0.65
-0.01,-0.13,0.52
-0.35,-0.88,0.63
-0.56,-1.15,0.67
-0.77,-1.58,0.49
-0.74,-1.84,0.47
-0.71,-1.72,0.47
-0.71,-1.62,0.55
-0.65,-1.47,0.70
-0.75,-1.47,0.52
-0.94,-1.59,0.48
-0.94,-1.25,0.54
-0.90,-1.03,0.60
-1.03,-0.89,0.77
-0.85,-0.12,0.85
-0.48,0.61,1.02
-0.08,0.93,1.43
-0.12,0.82,0.99
0.11,1.01,1.01
0.36,1.25,1.28
0.40,1.12,1.39
0.27,0.89,1.27
0.32,1.01,1.42
0.30,1.03,1.46
0.18,0.95,1.36
0.12,1.01,1.23
0.10,1.21,1.14
0.03,1.19,1.17
-0.00,1.07,1.15
0.01,1.24,0.98
-0.25,0.72,0.76
-0.38,0.22,0.67
-0.61,-0.53,0.53
-1.25,-1.41,0.35
-1.42,-1.64,0.60
-1.26,-1.71,0.73
-0.90,-1.44,0.72
-0.61,-1.10,0.74
-0.37,-0.86,0.77
-0.21,-0.70,0.71
-0.04,-0.43,0.69
-0.07,-0.46,0.79
-0.07,-0.41,0.86
-0.06,-0.37,0.85
-0.05,-0.36,0.89
-0.03,-0.25,0.94
-0.07,-0.31,0.91
-0.06,-0.28,0.88
-0.03,-0.28,0.92
-0.05,-0.27,0.95
-0.06,-0.30,0.98
-0.04,-0.29,0.95
-0.04,-0.28,0.93
-0.05,-0.28,0.95
-0.03,-0.30,0.98
-0.01,-0.31,0.97
-0.04,-0.31,0.92
-0.05,-0.29,0.92
-0.05,-0.30,0.92
-0.06,-0.32,0.89
-0.08,-0.36,0.90
-0.06,-0.32,0.90
-0.05,-0.32,0.91
-0.07,-0.33,0.90
-0.08,-0.34,0.92
-0.06,-0.29,0.94
-0.03,-0.29,0.94
-0.04,-0.30,0.92
-0.06,-0.33,0.92
-0.07,-0.33,0.95
-0.08,-0.35,0.94
-0.08,-0.32,0.94
-0.07,-0.32,0.94
-0.04,-0.31,0.93
-0.05,-0.32,0.92
-0.03,-0.30,0.92
-0.00,-0.27,0.93
-0.01,-0.30,0.94
-0.03,-0.32,0.94
-0.03,-0.30,0.92
-0.05,-0.30,0.93
-0.05,-0.31,0.93
-0.05,-0.31,0.91
-0.05,-0.30,0.95
-0.04,-0.31,0.95
-0.04,-0.30,0.93
-0.02,-0.29,0.92
-0.03,-0.31,0.93
-0.04,-0.31,0.91
-0.03,-0.32,0.91
0.00,-0.28,0.89
-0.01,-0.31,0.90
-0.01,-0.30,0.91
-0.01,-0.31,0.92
-0.02,-0.31,0.92
-0.02,-0.31,0.92
-0.00,-0.29,0.90
-0.00,-0.32,0.92
-0.02,-0.31,0.93
-0.01,-0.30,0.97
-0.04,-0.35,0.95
-0.04,-0.33,0.92
-0.02,-0.30,0.92
-0.02,-0.32,0.94
-0.03,-0.34,0.93
-0.03,-0.34,0.97
-0.03,-0.36,0.98
0.00,-0.39,1.00
-0.03,-0.43,1.05
-0.01,-0.41,1.05
-0.02,-0.48,1.04
-0.04,-0.56,1.13
-0.03,-0.51,1.11
0.09,-0.40,1.06
0.17,-0.38,1.04
0.19,-0.37,1.01
0.21,-0.35,0.94
0.22,-0.37,0.85
0.25,-0.33,0.80
0.25,-0.28,0.74
0.24,-0.31,0.76
0.38,-0.04,0.88
0.34,-0.15,0.90
0.28,-0.20,0.81
0.22,-0.24,0.70
0.35,0.15,0.75
0.37,0.15,0.76
0.24,-0.13,0.79
0.15,-0.27,0.76
0.23,0.04,0.81
0.27,0.12,0.80
0.25,-0.05,0.92


x,y,z
0.53,0.22,0.83
0.51,0.17,0.86
0.53,0.15,0.85
0.55,0.17,0.80
0.51,0.12,0.80
0.49,0.12,0.81
0.52,0.18,0.79
0.54,0.22,0.78
0.54,0.24,0.76
0.52,0.25,0.78
0.54,0.24,0.75
0.55,0.20,0.76
0.53,0.18,0.77
0.51,0.18,0.80
0.56,0.24,0.77
0.57,0.23,0.76
0.54,0.17,0.77
0.50,0.09,0.81
0.51,0.11,0.82
0.53,0.15,0.79
0.51,0.13,0.78
0.49,0.12,0.79
0.57,0.21,0.74
0.59,0.30,0.71
0.54,0.28,0.72
0.52,0.37,0.81
0.58,0.64,0.84
0.55,0.78,0.82
0.58,0.99,0.74
0.77,1.51,0.66
0.84,1.59,0.54
0.77,1.48,0.62
0.55,1.31,0.76
0.32,0.91,0.69
0.20,0.69,0.67
-0.52,-0.18,0.50
-0.99,-1.26,0.45
-1.16,-2.15,0.33
-1.08,-2.34,0.32
-0.77,-1.94,0.38
-0.46,-1.47,0.46
-0.45,-1.25,0.46
-0.67,-1.43,0.52
-0.94,-1.74,0.59
-1.06,-1.48,0.39
-1.12,-1.17,0.45
-1.12,-1.08,0.74
-0.96,-0.43,0.92
-0.74,0.22,0.97
0.04,1.24,1.26
0.18,1.02,1.59
0.41,1.10,1.43
0.74,1.50,1.64
0.94,1.70,1.63
0.62,1.06,1.33
0.52,0.95,1.10
0.58,1.13,1.02
0.56,1.26,0.98
0.36,1.01,0.99
0.33,1.04,1.04
0.36,1.45,1.06
0.23,1.41,0.74
0.12,1.16,0.61
-0.06,1.08,0.50
-0.49,0.16,0.76
-0.66,-0.58,0.76
-1.28,-1.35,0.71
-1.73,-1.98,0.59
-1.11,-1.44,0.89
-0.71,-1.16,1.01
-0.67,-1.14,1.00
-0.50,-0.89,0.89
-0.19,-0.48,0.95
-0.03,-0.35,1.00
0.03,-0.23,0.92
-0.01,-0.22,0.83
-0.00,-0.26,0.98
0.00,-0.22,0.96
-0.03,-0.20,0.96
-0.05,-0.16,0.89
-0.06,-0.18,0.96
-0.05,-0.17,0.97
-0.05,-0.16,0.96
-0.06,-0.21,0.99
0.00,-0.11,0.98
0.00,-0.16,1.00
-0.00,-0.16,0.98
-0.03,-0.21,0.96
-0.05,-0.20,0.95
-0.04,-0.18,0.95
-0.03,-0.20,0.93
-0.02,-0.21,0.95
-0.03,-0.22,0.97
-0.03,-0.20,0.97
-0.01,-0.22,0.96
-0.02,-0.23,0.96
-0.02,-0.23,0.95
-0.00,-0.18,0.93
-0.01,-0.19,0.92
-0.00,-0.21,0.93
-0.00,-0.21,0.93
0.01,-0.19,0.93
0.00,-0.20,0.93
-0.02,-0.20,0.95
-0.03,-0.24,0.96
-0.01,-0.24,0.99
0.00,-0.18,0.96
0.00,-0.20,0.95
-0.01,-0.26,0.97
0.02,-0.19,0.95
0.01,-0.21,1.00
0.02,-0.21,1.00
0.01,-0.25,0.93
0.08,-0.18,0.89
0.08,-0.20,0.94
0.06,-0.22,0.94
0.04,-0.28,0.95
0.09,-0.21,0.95
0.14,-0.13,0.94
0.13,-0.21,0.96
0.12,-0.22,0.95
0.11,-0.18,0.92
0.14,-0.14,0.92
0.13,-0.18,0.95
0.12,-0.19,0.96
0.12,-0.16,0.98
0.12,-0.17,0.98
0.12,-0.18,0.97
0.12,-0.21,0.97
0.13,-0.21,1.01
0.12,-0.20,1.05
0.09,-0.20,1.02
0.09,-0.26,1.00
0.14,-0.24,1.04
0.20,-0.14,1.12
0.21,-0.09,1.04
0.20,-0.10,0.93
0.21,-0.11,0.87
0.22,-0.09,0.88
0.21,-0.06,0.89
0.21,-0.08,0.88
0.20,-0.15,0.91
0.20,-0.10,1.02
0.21,-0.03,1.02
0.23,-0.07,0.95
0.24,-0.10,0.97
0.25,-0.09,0.96
0.26,-0.07,0.97
0.25,-0.10,0.98
0.23,-0.14,0.95


x,y,z
0.40,-0.01,0.88
0.39,-0.02,0.88
0.39,-0.01,0.87
0.41,0.00,0.87
0.41,0.00,0.87
0.40,0.01,0.86
0.39,-0.00,0.88
0.40,-0.03,0.88
0.41,-0.01,0.89
0.40,0.01,0.90
0.37,-0.06,0.89
0.40,-0.09,0.88
0.39,-0.16,0.93
0.39,-0.16,0.96
0.48,-0.23,1.02
0.46,-0.30,1.04
0.32,-0.45,1.12
0.23,-0.63,1.10
0.31,-0.41,0.95
0.31,-0.24,0.81
0.31,-0.20,0.69
0.38,0.06,0.65
0.44,0.28,0.62
0.46,0.38,0.64
0.48,0.47,0.64
0.52,0.64,0.63
0.55,0.80,0.65
0.47,0.70,0.65
0.66,1.07,0.84
0.69,1.26,0.90
0.60,1.22,0.87
0.48,1.16,0.75
0.45,1.26,0.80
0.46,1.30,0.67
0.42,1.09,0.57
0.27,0.60,0.68
0.15,0.06,0.70
-0.22,-0.81,0.59
-0.58,-1.83,0.67
-0.53,-2.22,0.78
-0.25,-1.85,0.60
-0.23,-1.47,0.64
-0.17,-1.34,0.84
-0.10,-1.18,0.61
-0.13,-0.99,0.54
-0.61,-1.37,0.35
-1.14,-1.86,0.39
-1.28,-1.76,0.28
-1.40,-1.47,0.36
-1.30,-0.57,1.10
-0.85,0.81,1.18
0.19,2.22,1.44
0.91,2.28,1.88
0.82,1.80,1.53
0.77,1.51,1.40
0.76,1.53,1.13
0.60,1.33,1.14
0.40,1.12,1.07
0.46,1.22,1.13
0.48,1.29,0.99
0.28,1.24,0.87
0.13,1.28,0.77
0.05,1.32,0.58
0.04,1.16,0.54
-0.04,0.81,0.45
-0.61,-0.21,0.42
-1.07,-1.77,0.47
-1.17,-1.91,1.14
-1.05,-1.84,1.77
-0.55,-1.28,1.58
-0.16,-0.79,1.29
0.02,-0.50,0.97
0.05,-0.50,0.97
0.11,-0.24,0.86
0.16,-0.13,0.77
0.11,-0.17,0.78
0.10,-0.15,0.81
0.15,-0.06,0.89
0.21,0.03,0.94
0.18,0.00,0.94
0.13,-0.04,0.93
0.10,-0.05,0.92
0.14,-0.01,0.93
0.17,0.04,0.98
0.15,0.01,0.93
0.16,0.00,0.95
0.17,0.01,0.97
0.16,-0.01,1.01
0.13,-0.08,0.97
0.14,-0.10,0.95
0.17,-0.02,0.98
0.17,-0.03,0.98
0.16,-0.06,0.99
0.18,-0.00,0.95
0.18,-0.00,0.92
0.19,0.01,0.94
0.17,0.00,0.94
0.16,0.00,0.91
0.19,0.02,0.96
0.18,0.02,0.98
0.17,0.00,0.97
0.15,-0.04,0.95
0.16,-0.01,0.94
0.16,-0.01,0.95
0.17,-0.01,0.95
0.16,-0.03,0.97
0.15,-0.02,0.97
0.17,-0.01,0.97
0.17,-0.03,0.97
0.17,-0.03,0.98
0.17,-0.02,0.98
0.17,-0.02,0.97
0.17,-0.03,0.94
0.16,-0.03,0.94
0.16,-0.01,0.93
0.16,-0.00,0.93
0.17,0.01,0.94
0.18,0.02,0.94
0.16,-0.00,0.96
0.17,0.01,0.95
0.19,0.00,0.92
0.18,0.00,0.91
0.17,-0.00,0.93
0.18,0.01,0.92
0.18,0.00,0.95
0.17,-0.00,0.95
0.18,0.00,0.95
0.18,0.02,0.96
0.18,0.01,0.95
0.17,-0.00,0.95
0.16,-0.02,0.94
0.17,-0.01,0.93
0.18,-0.00,0.93
0.18,0.03,0.96
0.17,0.01,0.97
0.18,-0.01,0.95
0.16,-0.00,0.95
0.15,-0.03,0.95
0.17,-0.02,0.95
0.17,0.01,0.95
0.17,0.00,0.96
0.18,-0.02,0.95
0.18,-0.01,0.94
0.19,0.01,0.95
0.17,-0.02,0.95
0.16,-0.02,0.98
0.16,-0.03,0.98
0.16,-0.03,0.95
0.15,-0.04,0.94
0.17,-0.01,0.93


x,y,z
0.52,-0.01,0.82
0.51,-0.01,0.83
0.49,-0.02,0.83
0.51,-0.00,0.80
0.51,-0.01,0.80
0.51,0.00,0.80
0.53,0.02,0.81
0.54,0.02,0.82
0.51,-0.02,0.81
0.51,-0.02,0.81
0.52,-0.04,0.82
0.51,-0.04,0.85
0.51,-0.03,0.83
0.52,-0.04,0.80
0.51,-0.08,0.82
0.49,-0.07,0.84
0.49,-0.08,0.82
0.51,-0.05,0.79
0.51,-0.04,0.80
0.48,-0.06,0.80
0.49,-0.06,0.80
0.52,-0.01,0.81
0.52,-0.00,0.82
0.52,-0.04,0.83
0.54,-0.10,0.86
0.52,-0.21,0.90
0.53,-0.30,0.91
0.55,-0.40,0.94
0.48,-0.44,0.96
0.43,-0.38,0.96
0.44,-0.25,0.90
0.47,-0.11,0.82
0.50,-0.03,0.76
0.53,0.15,0.61
0.50,0.33,0.50
0.45,0.36,0.60
0.44,0.53,0.68
0.44,0.69,0.68
0.45,0.98,0.74
0.52,1.21,0.88
0.64,1.37,0.97
0.91,1.80,1.03
1.01,2.08,0.94
0.62,1.51,0.91
0.15,0.45,0.78
-0.50,-1.06,0.47
-0.63,-1.92,0.65
-0.43,-2.02,0.83
-0.31,-1.89,0.79
0.10,-1.24,0.72
0.35,-0.90,0.69
0.45,-0.68,0.74
0.63,-0.49,0.77
0.62,-0.44,0.76
0.46,-0.46,0.75
-0.03,-0.92,0.47
-0.55,-1.50,0.21
-1.07,-1.63,0.19
-1.27,-1.82,0.19
-1.49,-1.74,0.06
-1.21,-0.48,0.23
-0.04,1.84,1.64
0.52,2.14,2.53
0.58,1.43,2.18
0.60,1.34,1.84
0.53,1.30,1.59
0.24,0.81,1.15
0.07,0.51,0.74
0.19,0.66,0.82
0.27,0.71,1.01
0.18,0.60,1.00
0.25,0.75,1.01
0.32,0.91,1.23
0.24,0.92,1.23
0.12,1.10,1.17
0.10,1.24,1.22
0.05,1.23,1.01
-0.18,0.99,0.64
-0.34,0.66,0.48
-0.32,-0.08,0.63
-0.66,-0.61,0.55
-1.02,-1.10,0.68
-0.68,-1.40,1.11
-0.44,-1.10,1.30
-0.58,-1.14,1.26
-0.57,-1.03,0.98
-0.29,-0.70,0.91
-0.19,-0.47,0.89
-0.24,-0.58,0.85
-0.15,-0.43,0.90
0.03,-0.08,0.88
0.03,-0.13,0.92
0.00,-0.13,0.89
0.02,-0.07,0.89
0.04,0.05,0.97
0.02,-0.01,1.02
0.00,-0.08,1.16
0.02,-0.02,0.94
0.00,-0.10,0.88
0.03,-0.07,0.95
0.02,-0.07,0.98
-0.02,-0.15,0.98
0.06,-0.05,0.97
0.10,0.00,0.96
0.10,0.02,0.98
0.06,-0.02,1.00
0.04,-0.05,0.99
0.01,-0.10,0.94
0.04,-0.06,0.95
0.06,-0.03,0.96
0.05,-0.06,0.98
0.06,-0.09,0.96
0.08,-0.04,0.96
0.09,-0.01,0.99
0.05,-0.06,0.98
0.08,-0.05,0.98
0.09,-0.01,0.93
0.09,-0.02,0.95
0.07,-0.05,0.95
0.08,-0.02,0.96
0.09,-0.03,0.94
0.10,-0.03,0.94
0.09,-0.05,0.97
0.07,-0.03,0.97
0.08,-0.04,0.95
0.11,-0.03,0.97
0.15,0.05,0.94
0.15,0.04,0.93
0.17,0.05,0.95
0.14,0.04,0.93
0.12,0.01,0.94
0.12,0.01,0.94
0.12,0.03,0.92
0.13,0.00,0.94
0.12,0.00,0.95
0.11,-0.01,0.98
0.11,0.03,0.98
0.14,0.03,0.96
0.15,0.01,0.94
0.12,0.00,0.96
0.11,-0.01,0.97
0.16,0.04,0.95
0.15,0.04,0.94
0.13,0.00,0.94
0.11,-0.02,0.93
0.13,-0.00,0.93
0.15,0.03,0.93
0.13,0.02,0.95
0.13,0.01,0.95
0.13,0.00,1.00


x,y,z
0.49,0.03,0.80
0.50,0.05,0.82
0.49,0.03,0.83
0.51,0.01,0.85
0.49,0.00,0.85
0.49,0.01,0.83
0.52,0.08,0.81
0.51,0.06,0.83
0.46,0.06,0.83
0.42,0.16,0.83
0.44,0.25,0.71
0.55,0.41,0.94
0.58,0.64,1.07
0.69,1.01,1.17
0.79,1.41,0.98
0.75,1.43,0.58
0.77,1.36,0.61
0.58,1.13,0.49
-0.06,-0.04,0.29
-0.57,-1.28,0.35
-0.86,-1.88,0.59
-0.76,-1.96,0.80
-0.29,-1.50,0.97
0.07,-0.89,0.88
0.05,-0.97,0.61
0.19,-1.03,0.49
0.45,-0.59,0.70
0.45,-0.37,0.78
0.16,-0.49,0.70
-0.20,-0.79,0.53
-0.40,-1.16,0.48
-0.78,-1.25,0.61
-0.97,-1.15,0.59
-1.02,-1.12,0.66
-0.86,-0.73,0.65
-0.26,0.85,0.85
0.03,0.92,1.42
0.28,1.07,1.68
0.56,1.55,1.55
0.64,1.63,1.35
0.45,0.99,1.33
0.40,0.92,1.30
0.41,1.03,1.30
0.34,0.88,1.09
0.26,0.66,1.04
0.21,0.57,0.96
0.19,0.68,0.86
0.22,0.74,0.91
0.22,0.98,1.00
0.14,1.06,0.84
0.10,1.18,0.57
0.04,1.15,0.53
0.07,0.97,0.57
-0.00,0.69,0.61
-0.20,-0.07,0.82
-0.79,-1.36,0.53
-1.30,-2.17,1.01
-0.81,-1.44,1.54
-0.16,-0.54,1.54
-0.19,-0.60,1.36
-0.20,-0.62,1.20
-0.05,-0.39,0.96
0.10,-0.11,0.89
-0.00,-0.27,0.96
-0.07,-0.31,0.96
0.01,-0.11,0.87
0.09,0.06,0.88
0.08,0.02,0.92
0.04,-0.02,0.86
0.03,-0.01,0.84
0.06,0.13,0.88
0.08,0.07,0.96
0.10,0.09,0.95
0.08,0.09,0.89
0.07,0.05,0.92
0.05,-0.01,0.94
0.04,-0.02,0.96
0.05,-0.00,0.97
0.03,-0.04,1.00
0.04,-0.05,1.01
0.07,0.02,1.01
0.08,0.03,0.99
0.07,-0.01,1.01
0.04,-0.02,1.03
0.01,-0.04,1.03
0.06,-0.01,1.00
0.09,0.04,0.95
0.09,0.04,0.95
0.07,-0.03,0.97
0.06,-0.04,0.93
0.10,-0.01,0.93
0.11,0.01,0.95
0.11,0.04,0.95
0.10,0.02,0.98
0.06,-0.01,0.95
0.09,-0.03,0.98
0.11,-0.00,0.98
0.12,0.04,1.00
0.11,0.03,0.98
0.13,0.02,0.95
0.12,-0.02,0.93
0.12,-0.01,0.93
0.11,-0.00,0.93
0.12,0.03,0.94
0.13,0.04,0.97
0.14,0.04,1.01
0.16,0.06,1.00
0.14,0.02,1.00
0.15,0.04,0.95
0.17,-0.00,0.92
0.18,0.02,0.90
0.18,0.02,0.90
0.18,0.04,0.89
0.17,-0.00,0.89
0.17,-0.01,0.91
0.18,0.02,0.92
0.16,-0.01,0.96
0.16,0.02,0.98
0.19,0.06,0.98
0.23,0.09,0.95
0.23,0.09,0.94
0.22,0.09,0.93
0.23,0.08,0.92
0.21,0.05,0.93
0.20,0.05,0.92
0.19,0.06,0.91
0.18,0.09,0.95
0.20,0.04,0.95
0.17,0.01,0.94
0.19,0.01,0.94
0.21,0.05,0.92
0.21,0.07,0.93
0.21,0.05,0.93
0.22,0.06,0.94
0.23,0.08,0.92
0.21,0.05,0.93
0.19,0.04,0.95
0.17,0.04,0.94
0.20,0.07,0.94
0.21,0.07,0.94
0.20,0.07,0.94
0.20,0.06,0.95
0.20,0.04,0.97
0.21,0.09,0.94
0.22,0.10,0.94
0.23,0.11,0.93
0.23,0.09,0.93
0.22,0.06,0.92
0.23,0.08,0.91
0.22,0.07,0.91


x,y,z
0.20,0.06,0.92
0.20,0.05,0.93
0.20,0.04,0.93
0.20,0.05,0.92
0.21,0.07,0.92
0.23,0.09,0.96
0.32,0.09,1.09
0.32,-0.01,1.35
0.49,-0.17,1.64
0.67,-0.31,1.73
0.54,-0.53,1.78
0.32,-0.80,1.71
0.32,-0.70,1.24
0.31,-0.62,0.96
0.15,-0.65,0.92
0.07,-0.50,0.70
0.11,-0.12,0.45
0.07,0.00,0.36
0.02,0.16,0.31
0.05,0.29,0.30
0.06,0.47,0.36
0.09,0.52,0.52
0.09,0.61,0.72
0.16,0.70,0.62
0.27,0.72,0.44
0.33,0.74,0.59
0.35,0.97,0.77
0.31,1.18,0.92
0.29,1.28,0.95
0.52,1.84,1.08
0.78,2.62,0.94
0.72,2.81,0.76
0.14,1.84,0.47
-0.12,0.76,-0.01
-0.30,-0.10,0.04
-0.77,-1.53,0.37
-0.90,-2.37,0.78
-0.35,-2.06,0.81
-0.02,-1.58,0.61
0.07,-1.39,0.82
0.24,-1.10,0.66
0.38,-0.73,0.50
0.24,-0.68,0.46
0.01,-0.96,0.55
-0.16,-1.08,0.41
-0.62,-1.35,0.35
-1.09,-1.76,0.50
-1.59,-2.26,0.64
-1.69,-1.91,0.38
-1.36,0.19,0.40
-0.31,1.84,1.50
0.39,2.04,2.21
0.55,1.88,2.09
0.58,1.87,1.73
0.59,1.73,1.56
0.55,1.54,1.53
0.42,1.37,1.42
0.19,1.07,1.13
0.14,0.87,1.03
0.20,0.95,1.13
0.19,1.25,1.08
0.09,1.30,0.89
0.06,1.30,0.60
0.01,1.45,0.45
-0.23,1.12,0.28
-0.46,0.30,0.40
-0.42,-0.08,0.07
-0.28,0.02,0.50
-0.93,-1.17,1.58
-1.19,-2.56,2.29
-0.65,-1.75,1.54
-0.09,-0.89,1.18
-0.01,-0.84,1.31
0.01,-0.77,1.02
0.15,-0.40,0.75
0.21,-0.16,0.75
0.13,-0.21,0.75
0.15,-0.18,0.82
0.19,-0.08,0.84
0.24,0.06,0.87
0.22,0.03,0.91
0.20,-0.02,0.95
0.21,-0.00,0.90
0.22,0.01,0.89
0.21,-0.02,0.93
0.20,-0.00,0.99
0.20,-0.06,0.97
0.22,-0.03,0.92
0.22,-0.02,0.91
0.21,-0.02,0.92
0.21,-0.05,0.93
0.22,-0.03,0.96
0.21,-0.02,0.98
0.20,-0.02,0.95
0.19,-0.06,0.95
0.16,-0.08,1.00
0.16,-0.12,1.06
0.18,-0.10,0.99
0.20,0.00,0.90
0.27,0.07,0.93
0.28,-0.00,0.94
0.29,0.01,0.92
0.29,0.04,0.86
0.31,0.06,0.88
0.30,0.03,0.88
0.28,-0.00,0.90
0.27,-0.01,0.91
0.27,-0.02,0.91
0.29,0.06,0.89
0.29,0.04,0.93
0.29,0.03,0.93
0.29,0.01,0.91
0.29,0.03,0.88
0.29,0.02,0.90
0.28,0.01,0.90
0.29,0.02,0.90
0.29,0.01,0.89
0.30,0.01,0.88
0.31,0.03,0.91
0.30,0.03,0.90
0.30,0.02,0.90
0.29,-0.00,0.90
0.30,0.01,0.92
0.31,0.04,0.91
0.31,0.05,0.91
0.30,0.02,0.91
0.28,0.01,0.92
0.29,0.01,0.92
0.29,0.02,0.90
0.30,0.04,0.91
0.30,0.04,0.93
0.30,0.02,0.92
0.29,-0.00,0.91
0.28,-0.02,0.91
0.31,-0.00,0.92
0.31,0.02,0.91
0.32,0.06,0.93
0.30,0.02,0.95
0.29,-0.01,0.96
0.29,0.01,0.94
0.30,0.02,0.90
0.29,0.00,0.87
0.29,-0.02,0.88
0.31,0.01,0.90
0.30,0.02,0.90
0.31,0.01,0.91
0.31,0.01,0.91
0.30,0.03,0.90
0.31,0.03,0.90
0.30,0.02,0.93


x,y,z
0.26,0.16,0.50
0.25,0.17,0.57
0.33,0.25,0.62
0.38,0.35,0.68
0.44,0.46,0.74
0.49,0.59,0.70
0.51,0.52,0.72
0.50,0.50,0.78
0.48,0.45,0.86
0.45,0.44,0.81
0.46,0.39,0.72
0.51,0.40,0.66
0.46,0.39,0.74
0.41,0.33,0.77
0.42,0.32,0.76
0.46,0.58,0.75
0.47,0.89,0.89
0.35,1.01,0.80
0.52,1.36,0.81
0.63,1.49,0.73
0.77,1.51,0.67
0.64,1.29,0.67
0.19,0.51,0.61
-0.34,-1.06,0.62
-0.66,-1.98,0.72
-0.45,-1.83,0.99
-0.02,-1.48,0.98
0.12,-1.25,0.91
0.16,-1.06,0.65
0.27,-0.91,0.57
0.42,-0.62,0.58
0.41,-0.58,0.69
0.28,-0.72,0.70
0.17,-0.76,0.65
-0.22,-1.01,0.59
-0.61,-1.33,0.53
-0.81,-1.76,0.54
-1.13,-1.48,0.45
-1.33,-1.37,0.64
-1.57,-1.10,0.90
-1.17,0.32,0.96
-0.12,2.89,1.28
0.69,2.77,1.69
0.82,2.44,1.68
0.68,2.01,1.43
0.39,1.56,1.32
0.14,1.15,1.27
0.11,0.93,1.15
0.08,0.85,0.97
-0.00,0.68,0.99
-0.05,0.58,1.00
-0.01,0.82,1.02
0.02,1.12,0.93
-0.06,1.09,0.78
-0.04,1.33,0.54
-0.00,1.59,0.43
0.09,2.13,0.17
-0.72,1.16,0.15
-1.19,-0.61,0.52
-1.67,-1.22,0.59
-2.08,-3.01,1.48
-1.32,-2.22,1.63
-0.64,-0.98,1.22
-0.04,-0.43,1.11
0.10,-0.47,0.99
0.17,-0.49,0.72
0.09,-0.34,0.80
0.08,-0.27,0.90
0.08,-0.35,0.89
0.13,-0.24,0.85
0.17,-0.06,0.94
0.15,-0.03,1.00
0.09,-0.13,0.97
0.07,-0.16,0.91
0.09,-0.03,0.92
0.13,0.01,0.96
0.15,-0.01,0.96
0.18,0.03,0.96
0.18,0.07,0.94
0.20,0.02,0.97
0.16,-0.07,0.97
0.13,-0.09,0.93
0.13,-0.10,0.90
0.12,-0.11,0.92
0.15,-0.06,0.97
0.19,-0.03,0.96
0.15,-0.08,0.96
0.14,-0.10,0.98
0.14,-0.10,0.97
0.17,-0.02,0.95
0.18,-0.00,0.95
0.15,-0.06,0.95
0.14,-0.08,0.94
0.15,-0.07,0.92
0.18,0.00,0.94
0.16,-0.07,0.94
0.15,-0.10,0.94
0.14,-0.11,0.91
0.15,-0.06,0.93
0.20,0.02,0.94
0.18,-0.05,0.97
0.14,-0.13,0.96
0.14,-0.05,0.87
0.18,0.04,0.90
0.19,0.02,0.93
0.20,0.03,0.95
0.18,0.02,0.86
0.22,0.11,0.90
0.25,0.18,0.92
0.23,0.09,0.91
0.16,-0.08,0.87
0.16,-0.02,0.88
0.20,0.11,0.96
0.21,0.09,0.95
0.19,0.08,0.92
0.19,0.06,0.95
0.24,0.05,1.32
0.15,0.02,1.19
0.26,0.26,0.84
0.24,0.15,0.75
0.24,0.11,0.96
0.23,0.11,0.97
0.19,-0.02,0.88
0.15,-0.17,0.96
0.15,-0.14,0.97
0.17,-0.04,0.88
0.20,-0.01,0.88
0.20,-0.01,0.95
0.20,0.02,0.94
0.22,0.09,0.96
0.24,0.11,0.94
0.23,0.07,0.94
0.20,0.02,0.93
0.21,0.03,0.95
0.21,0.05,0.93
0.20,0.02,0.95
0.19,-0.01,0.93
0.19,0.01,0.94
0.20,0.05,0.94
0.20,0.03,0.93
0.20,0.02,0.94
0.20,0.02,0.95
0.19,0.02,0.94
0.20,0.02,0.94
0.20,0.02,0.92
0.21,0.04,0.94
0.21,0.04,0.95
0.21,0.04,0.93
0.21,0.04,0.91
0.21,0.04,0.94


x,y,z
0.26,0.03,0.94
0.28,0.03,1.03
0.29,0.08,1.02
0.33,-0.01,1.14
0.22,-0.47,1.42
0.26,-0.51,1.48
0.47,-0.40,1.41
0.46,-0.37,1.31
0.44,-0.31,1.23
0.50,-0.30,1.05
0.49,-0.38,0.92
0.48,-0.27,0.89
0.45,-0.17,0.83
0.40,-0.18,0.68
0.30,-0.22,0.60
0.20,-0.06,0.49
0.14,0.16,0.50
0.15,0.34,0.50
0.22,0.54,0.61
0.23,0.49,0.67
0.25,0.52,0.63
0.32,0.52,0.66
0.36,0.51,0.63
0.33,0.37,0.58
0.34,0.34,0.62
0.38,0.30,0.64
0.37,0.25,0.71
0.38,0.23,0.81
0.44,0.27,0.82
0.48,0.32,0.78
0.46,0.27,0.83
0.46,0.17,0.84
0.47,0.17,0.85
0.46,0.25,0.83
0.48,0.30,0.78
0.47,0.19,0.80
0.44,0.19,0.82
0.44,0.20,0.84
0.47,0.23,0.82
0.46,0.19,0.80
0.44,0.16,0.83
0.44,0.14,0.82
0.46,0.15,0.81
0.47,0.18,0.82
0.47,0.15,0.83
0.46,0.11,0.82
0.47,0.15,0.82
0.48,0.16,0.82
0.46,0.13,0.83
0.47,0.16,0.81
0.46,0.15,0.79
0.44,0.16,0.80
0.41,0.19,0.84
0.37,0.23,0.84
0.36,0.32,0.90
0.33,0.51,1.03
0.51,1.43,1.30
0.71,2.45,0.61
0.75,2.56,0.23
0.53,2.38,0.75
-0.05,1.57,0.59
-0.89,-0.25,0.61
-1.30,-2.02,0.99
-1.14,-2.62,0.72
-0.62,-1.86,0.73
-0.25,-1.45,0.85
0.19,-1.14,0.84
0.37,-0.63,0.39
-0.04,-0.91,0.40
-0.51,-1.56,0.54
-0.78,-1.72,0.55
-1.39,-1.98,0.37
-1.77,-2.03,0.38
-1.80,-1.49,0.57
-1.35,0.04,0.63
-0.85,1.42,0.80
0.25,2.60,2.07
0.72,2.05,2.49
0.84,1.97,1.75
1.01,2.45,1.89
0.79,2.31,1.58
0.43,1.85,1.18
0.32,2.07,0.88
0.37,2.32,0.75
0.45,2.21,0.41
0.11,2.08,0.09
-0.62,1.10,0.37
-0.77,-0.16,0.95
-1.53,-1.61,1.58
-1.32,-2.26,1.65
-0.75,-1.75,1.09
-0.66,-1.81,1.28
-0.41,-1.44,1.50
-0.13,-0.80,1.15
0.15,-0.18,0.66
0.19,-0.13,0.66
0.15,-0.24,0.80
0.18,-0.17,0.84
0.21,-0.07,0.82
0.24,0.03,0.91
0.23,-0.04,0.95
0.20,-0.08,0.92
0.16,-0.10,0.90
0.16,-0.09,0.92
0.19,-0.10,0.95
0.23,-0.05,0.93
0.25,-0.02,0.93
0.22,-0.02,0.96
0.19,-0.08,0.96
0.18,-0.10,0.97
0.19,-0.09,0.94
0.21,-0.08,0.94
0.21,-0.05,0.94
0.22,0.03,0.87
0.25,-0.02,0.93
0.25,-0.05,0.94
0.25,-0.03,0.94
0.26,-0.03,0.93
0.23,-0.07,0.93
0.21,-0.10,0.93
0.21,-0.08,0.95
0.23,-0.04,0.96
0.20,-0.09,0.95
0.19,-0.11,0.95
0.22,-0.04,0.92
0.21,-0.04,0.93
0.18,-0.10,0.96
0.20,-0.11,0.98
0.21,-0.11,0.94
0.23,-0.03,0.90
0.24,-0.06,0.92
0.23,-0.09,0.93
0.22,-0.08,0.91
0.25,-0.04,0.91
0.26,-0.03,0.92
0.24,-0.05,0.92
0.23,-0.08,0.93
0.21,-0.09,0.94
0.21,-0.10,0.95
0.21,-0.08,0.94
0.22,-0.06,0.93
0.22,-0.06,0.92
0.21,-0.09,0.92
0.22,-0.07,0.92
0.22,-0.05,0.92
0.22,-0.07,0.93
0.23,-0.06,0.94
0.23,-0.05,0.94
0.23,-0.04,0.95
0.24,-0.07,0.94


x,y,z
0.20,0.07,0.45
0.18,0.14,0.45
0.12,0.18,0.39
0.13,0.38,0.47
0.15,0.53,0.46
0.16,0.57,0.42
0.17,0.53,0.61
0.23,0.70,0.82
0.34,0.93,0.92
0.35,1.14,0.88
0.43,1.40,1.02
0.83,2.59,1.50
0.71,2.88,1.17
0.36,2.03,0.18
0.30,1.84,0.28
-0.06,0.97,0.17
-0.59,-0.95,-0.08
-1.03,-2.26,0.35
-0.81,-2.66,0.66
-0.43,-2.24,0.60
-0.34,-2.23,0.79
-0.06,-1.69,0.75
0.04,-1.19,0.51
-0.55,-1.72,0.43
-1.26,-2.37,0.40
-1.40,-1.78,0.24
-1.34,-1.10,0.28
-1.28,-0.31,0.71
-0.48,1.68,1.59
0.47,2.90,1.90
0.88,2.56,1.47
0.84,2.02,0.98
0.75,1.96,0.89
0.62,1.83,0.94
0.43,1.54,0.74
0.31,1.40,0.62
0.36,1.59,0.71
0.32,1.62,0.69
0.17,1.71,0.57
0.03,2.09,0.31
-0.49,1.29,0.99
-0.75,-0.02,1.00
-1.14,-0.87,1.20
-1.56,-2.73,1.11
-1.36,-3.16,1.18
-0.59,-1.73,1.38
-0.24,-0.98,1.07
0.21,-0.37,0.93
0.20,-0.33,0.89
0.20,-0.29,0.83
0.22,-0.13,0.75
0.25,0.11,0.78
0.19,0.03,0.91
0.14,-0.08,0.96
0.17,-0.07,0.92
0.18,0.07,0.90
0.15,-0.07,0.95
0.12,-0.17,0.96
0.16,-0.13,0.92
0.25,0.03,0.91
0.30,0.04,0.95
0.27,-0.02,0.96
0.26,-0.05,0.94
0.22,-0.07,0.88
0.24,-0.04,0.86
0.24,-0.01,0.90
0.23,-0.04,0.94
0.23,-0.04,0.94
0.23,-0.06,0.94
0.22,-0.06,0.95
0.22,-0.07,0.94
0.22,-0.06,0.91
0.21,-0.08,0.94
0.20,-0.09,0.95
0.22,-0.08,0.94
0.22,-0.08,0.90
0.21,-0.09,0.90
0.19,-0.14,0.87
0.20,-0.16,0.83
0.14,-0.24,0.82
0.21,-0.10,0.93
0.26,0.04,0.98
0.29,0.06,1.04
0.29,0.06,1.02
0.27,0.03,0.97
0.25,0.02,0.92
0.25,-0.01,0.90
0.24,-0.05,0.92
0.25,-0.03,0.94
0.25,-0.02,0.93
0.25,0.00,0.92
0.25,-0.02,0.91
0.25,-0.05,0.91
0.23,-0.02,0.90
0.25,-0.06,0.90
0.28,-0.05,0.91
0.27,0.01,0.91
0.27,-0.02,0.94
0.25,-0.05,0.92
0.25,-0.03,0.89
0.26,-0.02,0.89
0.28,-0.01,0.92
0.25,-0.02,0.91
0.27,-0.00,0.94
0.27,-0.02,0.97
0.26,-0.01,0.91
0.25,-0.05,0.92
0.27,-0.01,0.92
0.27,-0.01,0.90
0.26,-0.04,0.90
0.27,-0.02,0.91
0.26,-0.03,0.93
0.27,-0.02,0.94
0.26,-0.04,0.94
0.28,-0.02,0.92
0.27,-0.02,0.91
0.26,-0.03,0.91
0.27,-0.04,0.89
0.29,-0.06,0.91
0.26,-0.05,0.89
0.29,-0.01,0.92
0.28,-0.02,0.94
0.27,-0.03,0.94
0.26,-0.04,0.91
0.27,-0.03,0.92
0.26,-0.03,0.92
0.28,-0.02,0.90
0.27,-0.03,0.90
0.28,-0.01,0.90
0.29,-0.00,0.90
0.28,-0.03,0.90
0.26,-0.04,0.90
0.27,-0.04,0.91
0.28,-0.03,0.91
0.28,-0.04,0.91
0.28,-0.01,0.93
0.27,-0.02,0.91
0.28,-0.05,0.91
0.27,-0.05,0.90
0.27,-0.03,0.91
0.29,-0.01,0.93
0.29,-0.02,0.93
0.27,-0.04,0.94
0.27,-0.04,0.92
0.27,-0.04,0.90
0.28,-0.04,0.91
0.28,-0.01,0.90
0.28,-0.02,0.90
0.28,-0.03,0.89
0.27,-0.06,0.90


x,y,z
0.23,-0.53,0.96
0.21,-0.46,1.01
-0.06,-0.66,0.86
-0.22,-1.00,0.88
-0.30,-1.02,0.90
-0.41,-0.84,0.71
-0.76,-1.16,0.60
-0.94,-1.27,0.73
-0.96,-0.25,0.79
-0.50,0.74,0.52
0.06,1.28,0.78
0.68,1.98,1.08
0.83,2.00,1.21
0.63,1.45,1.10
0.43,1.11,1.12
0.31,1.04,1.13
0.32,1.43,0.89
0.35,1.27,0.60
0.36,1.06,0.75
0.31,0.94,0.82
0.31,1.18,0.94
0.24,1.22,0.79
0.18,1.07,0.74
0.19,0.89,0.64
0.20,0.96,0.69
0.07,1.05,0.76
-0.13,0.78,0.72
-0.15,0.67,0.81
-0.36,0.38,0.80
-0.57,-0.01,0.73
-0.74,-0.67,0.75
-0.97,-1.32,0.92
-0.92,-1.73,1.00
-0.56,-1.42,1.02
-0.42,-1.12,1.05
-0.23,-1.05,1.14
-0.06,-0.79,1.17
0.15,-0.42,0.94
0.23,-0.24,0.89
0.21,-0.33,0.93
0.19,-0.39,0.94
0.15,-0.33,0.94
0.18,-0.20,0.87
0.19,-0.05,0.87
0.23,-0.04,0.91
0.20,-0.14,0.96
0.17,-0.14,0.94
0.16,-0.17,0.94
0.18,-0.15,0.93
0.22,-0.08,0.92
0.26,-0.07,0.97
0.23,-0.11,0.96
0.22,-0.17,0.94
0.21,-0.18,0.90
0.20,-0.16,0.87
0.22,-0.12,0.92
0.21,-0.17,0.92
0.21,-0.15,0.92
0.23,-0.11,0.91
0.24,-0.11,0.93
0.21,-0.17,0.92
0.17,-0.18,0.92
0.10,-0.22,0.87
0.16,-0.23,0.88
0.17,-0.23,0.89
0.17,-0.20,0.84
0.24,-0.11,0.84
0.27,-0.14,0.88
0.27,-0.15,0.90
0.27,-0.16,0.87
0.32,-0.11,0.88
0.33,-0.07,0.85
0.33,-0.03,0.84
0.34,-0.02,0.86
0.33,-0.00,0.89
0.29,-0.02,0.92
0.28,0.01,0.92
0.27,-0.01,0.91
0.28,-0.00,0.95
0.29,0.00,1.00
0.29,-0.02,1.01
0.28,-0.05,1.00
0.25,-0.06,1.00
0.24,-0.07,0.99
0.23,-0.09,0.98
0.25,-0.06,0.98
0.26,-0.04,0.96
0.26,-0.06,0.95
0.25,-0.04,0.95
0.25,-0.05,0.94
0.25,-0.05,0.94
0.26,-0.03,0.94
0.27,-0.04,0.95
0.26,-0.05,0.95
0.29,-0.03,0.96
0.28,-0.03,0.96
0.28,-0.05,0.94
0.29,-0.04,0.92
0.30,-0.01,0.95
0.30,-0.01,0.93
0.29,-0.04,0.92
0.26,-0.02,0.87
0.27,-0.02,0.86
0.29,-0.02,0.91
0.28,-0.03,0.91
0.27,-0.01,0.88
0.29,0.01,0.83
0.28,0.01,0.86
0.30,0.04,0.93
0.26,-0.01,0.91
0.29,0.01,0.90
0.28,0.00,0.90
0.28,-0.01,0.91
0.29,-0.01,0.89
0.30,-0.01,0.88
0.29,0.01,0.89
0.29,0.00,0.90
0.30,0.00,0.91
0.30,0.01,0.90
0.30,0.02,0.90
0.31,0.01,0.90
0.30,0.01,0.91
0.28,-0.01,0.93
0.28,-0.00,0.92
0.28,-0.01,0.93
0.28,-0.01,0.92
0.29,-0.00,0.93
0.32,0.00,0.91
0.34,0.04,0.89
0.32,0.05,0.90
0.31,0.02,0.91
0.31,0.02,0.89
0.29,-0.01,0.90
0.28,-0.01,0.91
0.28,-0.00,0.89
0.27,-0.03,0.86
0.27,-0.02,0.89
0.28,0.02,0.92
0.30,0.04,0.91
0.30,0.02,0.94
0.31,0.03,0.94
0.33,0.05,0.90
0.33,0.04,0.90
0.32,0.02,0.91
0.31,0.02,0.92
0.31,0.01,0.92
0.30,0.01,0.91
0.32,0.03,0.92
0.33,0.05,0.90
0.33,0.05,0.88


x,y,z
0.47,0.02,0.85
0.47,0.02,0.87
0.46,0.04,0.86
0.46,0.02,0.83
0.47,0.02,0.82
0.47,0.03,0.80
0.47,0.01,0.79
0.49,0.02,0.81
0.49,0.02,0.82
0.48,0.04,0.83
0.48,0.05,0.84
0.48,0.06,0.84
0.47,0.06,0.82
0.47,0.04,0.80
0.51,0.15,0.75
0.52,0.26,0.77
0.45,0.10,0.91
0.43,0.09,0.95
0.43,0.12,0.91
0.40,0.07,0.84
0.42,0.30,0.88
0.46,0.82,0.99
1.35,3.52,1.04
1.29,4.00,0.20
0.38,2.29,0.14
-0.74,1.80,0.44
-2.47,-2.02,1.14
-2.71,-3.88,0.83
-1.51,-2.26,0.49
-0.47,-0.71,1.68
-0.05,-0.65,1.78
0.00,-0.85,0.98
0.07,-0.88,0.50
-0.02,-0.77,0.44
-0.65,-1.12,0.56
-1.65,-2.33,0.76
-1.97,-2.24,0.50
-2.02,-1.39,0.34
-1.63,0.07,0.79
-1.30,1.11,1.37
-0.02,3.67,1.54
1.08,3.44,1.73
0.79,1.86,1.20
0.58,1.28,0.86
0.32,1.19,1.03
0.16,1.10,1.09
0.09,1.01,1.08
0.18,1.25,1.07
0.13,1.45,0.99
0.06,1.35,0.98
-0.07,1.25,0.85
-0.28,1.05,0.63
-0.37,0.63,0.51
0.10,0.68,0.80
-0.72,-0.53,0.94
-1.22,-2.95,0.86
-0.86,-2.85,1.10
-0.46,-1.55,1.29
-0.28,-1.13,1.17
0.01,-0.56,0.98
0.23,-0.09,0.84
0.27,0.03,0.82
0.22,0.04,0.82
0.09,-0.12,0.88
0.07,-0.17,0.92
0.05,-0.14,0.90
0.08,-0.03,0.95
0.15,0.07,0.96
0.15,-0.04,0.98
0.13,-0.05,0.85
0.14,-0.05,0.87
0.14,-0.11,0.92
0.16,-0.05,0.97
0.13,-0.04,1.00
0.12,-0.04,0.97
0.15,-0.08,0.99
0.14,-0.05,0.94
0.15,-0.04,0.94
0.16,-0.03,0.96
0.15,-0.07,0.95
0.15,-0.08,0.97
0.16,-0.05,0.95
0.19,-0.00,0.96
0.19,0.03,0.99
0.17,0.00,0.97
0.14,-0.05,0.94
0.15,-0.06,0.94
0.15,-0.04,0.97
0.14,-0.02,0.94
0.15,-0.01,0.92
0.16,0.02,0.92
0.17,0.05,0.93
0.17,0.05,0.96
0.16,0.03,0.94
0.16,0.02,0.93
0.17,0.03,0.93
0.20,0.10,0.95
0.19,0.10,0.93
0.18,0.06,0.91
0.17,0.04,0.92
0.17,0.02,0.93
0.17,0.04,0.92
0.18,0.09,0.92
0.18,0.08,0.91
0.17,0.05,0.92
0.15,-0.01,0.93
0.16,0.01,0.95
0.21,0.08,0.95
0.21,0.10,0.98
0.19,0.06,0.98
0.17,0.04,0.99
0.17,0.03,0.95
0.17,0.02,0.94
0.17,0.04,0.94
0.19,0.06,0.92
0.18,0.03,0.89
0.19,0.04,0.91
0.18,0.03,0.91
0.18,0.04,0.92
0.17,-0.00,0.94
0.17,0.02,0.95
0.19,0.05,0.94
0.19,0.05,0.95
0.19,0.03,0.95
0.19,0.06,0.91
0.20,0.07,0.92
0.18,0.05,0.94
0.16,0.01,0.91
0.16,0.02,0.91
0.18,0.05,0.92
0.20,0.07,0.94
0.19,0.04,0.96
0.19,0.07,0.94
0.20,0.08,0.94
0.20,0.05,0.94
0.19,0.06,0.94
0.20,0.08,0.93
0.19,0.08,0.91
0.20,0.10,0.94
0.18,0.09,0.95
0.18,0.09,0.96
0.18,0.07,0.94
0.17,0.05,0.94
0.17,0.04,0.95
0.19,0.06,0.94
0.19,0.07,0.94
0.18,0.06,0.93
0.19,0.06,0.94
0.18,0.06,0.94
0.18,0.06,0.93


x,y,z
0.35,0.06,0.74
0.36,0.10,0.67
0.32,0.14,0.62
0.29,0.09,0.68
0.27,0.10,0.75
0.25,0.11,0.77
0.27,0.16,0.62
0.29,0.23,0.55
0.19,0.18,0.72
0.16,0.15,0.71
0.25,0.14,0.68
0.25,0.20,0.66
0.22,0.32,0.73
0.25,0.28,0.73
0.33,0.40,0.77
0.40,0.63,0.86
0.39,0.99,0.92
0.31,1.18,0.96
0.41,1.26,0.82
0.74,1.92,0.91
0.67,2.14,0.60
0.52,1.85,0.49
0.28,0.99,0.12
0.06,0.21,0.01
-0.11,-0.54,0.29
-0.30,-1.20,0.63
-0.40,-1.61,1.06
-0.41,-2.04,1.26
-0.20,-1.76,1.04
0.06,-1.12,0.84
0.10,-1.08,0.77
0.10,-1.03,0.68
-0.19,-1.17,0.19
-1.05,-1.88,0.18
-1.79,-2.95,0.50
-1.98,-1.99,-0.19
-1.83,-0.24,0.32
-1.35,1.58,0.95
-0.81,1.80,1.43
-0.16,2.88,1.87
0.28,3.05,2.13
0.13,1.93,1.16
-0.07,1.12,0.82
-0.28,1.46,1.18
-0.15,1.85,1.22
-0.16,1.31,0.93
-0.19,1.12,0.57
-0.08,1.45,0.79
-0.10,1.52,1.10
-0.17,1.52,0.93
-0.20,1.63,0.75
-0.30,1.56,0.56
-0.51,1.25,0.34
-0.64,0.86,0.28
-0.59,0.57,0.27
-0.43,0.15,0.07
-0.61,-0.86,0.16
-1.35,-2.52,1.23
-1.17,-2.11,1.56
-0.63,-1.29,1.21
-0.15,-0.83,0.91
-0.07,-0.71,0.79
-0.10,-0.69,0.93
-0.05,-0.45,0.88
0.05,-0.19,0.80
-0.00,-0.32,0.92
-0.04,-0.30,0.97
-0.06,-0.19,0.89
0.01,-0.13,0.88
0.07,-0.03,0.94
0.04,-0.11,0.93
0.01,-0.13,0.89
0.05,-0.06,0.91
0.00,-0.08,0.93
0.02,-0.07,0.94
0.01,-0.07,0.97
-0.01,-0.09,0.95
-0.03,-0.10,0.93
-0.03,-0.17,0.94
-0.01,-0.18,0.97
-0.01,-0.14,0.97
-0.01,-0.12,0.96
0.00,-0.13,0.96
0.03,-0.13,0.97
0.04,-0.10,0.97
0.01,-0.13,0.96
-0.00,-0.17,0.94
-0.02,-0.21,0.91
-0.01,-0.21,0.89
0.00,-0.19,0.93
0.00,-0.14,0.98
0.00,-0.15,1.00
-0.00,-0.17,0.98
-0.00,-0.18,0.96
-0.01,-0.17,0.95
0.02,-0.15,0.96
0.02,-0.15,0.94
0.02,-0.15,0.96
0.02,-0.13,0.94
0.02,-0.14,0.92
0.02,-0.15,0.93
0.02,-0.14,0.95
0.01,-0.15,0.98
0.01,-0.15,0.95
0.04,-0.15,0.96
0.04,-0.14,0.95
0.03,-0.11,0.95
0.02,-0.13,0.95
-0.01,-0.19,0.94
0.00,-0.14,0.95
0.01,-0.15,0.96
-0.00,-0.17,0.94
-0.01,-0.17,0.93
0.00,-0.16,0.90
0.02,-0.18,0.92
0.02,-0.20,0.94
0.02,-0.16,0.96
0.03,-0.17,0.95
0.02,-0.19,0.95
0.02,-0.19,0.94
0.03,-0.17,0.95
0.01,-0.20,0.97
0.00,-0.19,0.97
-0.01,-0.18,0.96
0.01,-0.19,0.96
0.00,-0.24,0.95
-0.01,-0.24,0.95
-0.00,-0.23,0.96
0.01,-0.22,0.96
-0.00,-0.22,0.94
0.01,-0.24,0.95
0.01,-0.23,0.95
0.02,-0.19,0.94
0.02,-0.19,0.94
0.02,-0.23,0.94
0.01,-0.23,0.95
0.02,-0.18,0.94
0.01,-0.19,0.93
0.01,-0.20,0.92
0.01,-0.21,0.91
0.03,-0.20,0.91
0.05,-0.18,0.92
0.05,-0.16,0.93
0.06,-0.15,0.94
0.07,-0.14,0.94
0.06,-0.16,0.96
0.04,-0.14,0.97
0.04,-0.13,0.95
0.04,-0.17,0.94
0.04,-0.17,0.95


x,y,z
0.34,-0.52,0.88
0.32,-0.52,0.86
0.30,-0.45,0.81
0.26,-0.36,0.76
0.22,-0.41,0.73
0.20,-0.43,0.76
0.24,-0.17,0.72
0.26,-0.04,0.59
0.24,0.00,0.64
0.21,0.22,0.76
0.23,0.47,0.82
0.30,0.89,0.89
0.40,1.47,1.04
0.64,2.51,1.07
0.72,2.59,1.02
0.64,2.34,0.74
0.55,2.13,0.53
0.20,1.28,0.27
-0.10,0.48,0.10
-0.77,-1.20,0.18
-1.13,-2.58,0.70
-0.60,-2.16,0.94
-0.12,-1.22,0.97
-0.06,-1.23,1.12
0.01,-1.25,0.99
-0.11,-1.11,0.53
-0.47,-1.41,0.30
-0.99,-2.07,0.19
-1.39,-2.20,-0.30
-1.63,-2.06,-0.30
-1.88,-1.61,0.17
-1.75,-0.14,0.68
-1.32,2.02,1.02
-0.24,3.26,2.13
0.19,2.44,2.45
0.27,2.26,1.76
0.03,1.59,1.53
-0.09,1.52,1.52
-0.23,1.37,1.35
-0.21,1.32,1.27
-0.21,1.31,1.48
-0.26,1.28,1.33
-0.29,1.40,1.30
-0.35,1.40,0.87
-0.47,1.08,0.70
-0.51,0.57,0.10
-0.44,0.08,-0.12
-0.31,-0.23,-0.03
-0.87,-0.71,0.43
-1.82,-2.33,0.72
-1.41,-2.53,0.95
-0.95,-1.54,1.00
-0.46,-0.91,1.12
-0.36,-0.81,0.98
-0.23,-0.57,0.89
-0.15,-0.43,0.87
-0.09,-0.24,0.90
-0.22,-0.37,0.88
-0.22,-0.40,0.90
-0.15,-0.27,0.93
-0.09,-0.08,1.01
-0.15,-0.14,0.98
-0.19,-0.23,0.94
-0.19,-0.24,0.91
-0.15,-0.19,0.88
-0.11,-0.10,0.83
-0.08,-0.08,0.89
-0.10,-0.11,0.99
-0.12,-0.13,0.98
-0.12,-0.16,0.96
-0.10,-0.13,0.96
-0.08,-0.09,0.96
-0.07,-0.11,0.93
-0.08,-0.15,0.95
-0.09,-0.13,0.96
-0.07,-0.10,0.97
-0.06,-0.09,0.96
-0.06,-0.12,0.95
-0.07,-0.16,0.91
-0.05,-0.12,0.92
-0.04,-0.09,0.95
-0.07,-0.11,0.95
-0.07,-0.13,0.94
-0.06,-0.13,0.95
-0.06,-0.12,0.96
-0.08,-0.15,0.95
-0.07,-0.16,0.95
-0.05,-0.15,0.95
-0.05,-0.13,0.96
-0.05,-0.11,0.95
-0.06,-0.15,0.95
-0.07,-0.17,0.95
-0.07,-0.17,0.95
-0.03,-0.12,0.96
-0.03,-0.12,0.96
-0.04,-0.12,0.97
-0.05,-0.14,0.96
-0.04,-0.13,0.95
-0.04,-0.12,0.96
-0.03,-0.09,0.97
-0.04,-0.11,0.96
-0.05,-0.13,0.94
-0.06,-0.17,0.92
-0.04,-0.15,0.93
-0.01,-0.11,0.94
-0.02,-0.13,0.95
-0.03,-0.16,0.96
-0.02,-0.15,0.95
-0.04,-0.16,0.95
-0.04,-0.17,0.94
-0.02,-0.15,0.95
-0.01,-0.11,0.96
-0.04,-0.15,0.98
-0.04,-0.17,0.99
-0.02,-0.13,0.97
-0.03,-0.15,0.96
-0.04,-0.16,0.97
-0.01,-0.10,0.99
-0.01,-0.07,1.02
-0.01,-0.08,0.99
0.02,-0.09,1.05
0.03,-0.10,1.16
0.01,-0.17,1.15
0.05,-0.21,1.01
0.07,-0.35,1.07
0.00,-0.46,1.16
-0.02,-0.48,1.12
0.00,-0.43,1.08
0.04,-0.34,1.00
0.10,-0.24,0.96
0.14,-0.17,0.93
0.14,-0.11,0.86
0.16,-0.06,0.77
0.21,-0.04,0.80
0.24,0.06,0.80
0.22,0.05,0.81
0.20,-0.03,0.83
0.20,-0.01,0.82
0.24,0.01,0.80
0.25,0.05,0.79
0.22,0.01,0.84
0.23,-0.01,0.86
0.25,-0.00,0.85
0.26,0.02,0.84
0.29,0.07,0.83
0.29,0.03,0.84
0.28,0.01,0.86
0.25,-0.03,0.87
0.28,-0.01,0.88
0.33,0.07,0.84


x,y,z
0.17,0.03,0.37
0.19,0.34,0.60
0.15,0.40,0.61
0.19,0.34,0.60
0.23,0.34,0.56
0.32,0.58,0.62
0.32,0.68,0.72
0.28,0.62,0.74
0.31,0.77,0.81
0.33,1.20,0.87
0.37,1.78,0.94
0.48,2.40,1.05
0.50,2.55,0.90
0.35,2.31,0.66
0.07,1.76,0.31
-0.47,0.48,0.03
-1.43,-1.31,0.49
-1.47,-2.46,1.35
-0.83,-2.50,1.08
-0.39,-1.66,0.97
-0.05,-1.30,1.10
0.10,-0.99,1.03
0.16,-0.60,0.61
-0.01,-0.63,0.47
-0.20,-0.95,0.56
-0.55,-1.29,0.42
-0.93,-1.48,0.25
-1.52,-1.95,0.41
-1.88,-2.04,0.51
-1.98,-1.02,0.32
-1.83,-0.07,1.07
-1.18,1.98,1.94
-0.22,2.82,2.72
0.19,2.29,2.21
0.12,1.71,1.74
0.15,1.59,1.62
0.01,1.38,1.42
-0.23,1.08,1.21
-0.39,0.79,0.98
-0.36,0.82,1.00
-0.29,1.07,1.19
-0.32,1.23,1.25
-0.40,1.22,0.99
-0.39,1.25,0.79
-0.33,1.37,0.74
-0.58,0.95,0.32
-0.67,0.30,0.14
-0.83,0.07,0.65
-1.70,-1.60,0.71
-1.83,-2.66,0.95
-1.39,-2.13,1.06
-0.77,-1.21,0.93
-0.45,-0.90,0.74
-0.36,-0.95,0.77
-0.11,-0.61,0.86
-0.03,-0.30,0.92
-0.01,-0.16,0.98
-0.06,-0.14,0.95
-0.09,-0.12,0.96
-0.11,-0.13,0.97
-0.15,-0.13,0.97
-0.17,-0.14,1.00
-0.18,-0.18,0.98
-0.12,-0.13,0.95
-0.07,-0.08,0.95
-0.08,-0.12,0.91
-0.09,-0.19,0.90
-0.11,-0.18,0.91
-0.13,-0.19,0.91
-0.12,-0.18,0.93
-0.11,-0.19,0.93
-0.09,-0.16,0.92
-0.10,-0.19,0.93
-0.11,-0.23,0.92
-0.13,-0.25,0.96
-0.15,-0.26,1.15
-0.11,-0.22,0.91
-0.13,-0.26,0.93
-0.12,-0.25,0.95
-0.12,-0.24,0.98
-0.11,-0.21,0.97
-0.09,-0.20,0.94
-0.08,-0.21,0.95
-0.08,-0.18,0.93
-0.09,-0.17,0.92
-0.09,-0.17,0.88
-0.10,-0.18,0.88
-0.08,-0.17,0.89
-0.07,-0.15,0.88
-0.07,-0.15,0.90
-0.07,-0.19,0.95
-0.08,-0.20,0.94
-0.10,-0.24,0.95
-0.10,-0.25,0.95
-0.08,-0.22,0.97
-0.09,-0.23,0.97
-0.06,-0.20,0.95
-0.07,-0.22,0.94
-0.07,-0.21,0.94
-0.08,-0.23,0.94
-0.08,-0.22,0.94
-0.08,-0.22,0.94
-0.08,-0.23,0.94
-0.08,-0.24,0.94
-0.05,-0.20,0.91
-0.03,-0.19,0.90
-0.04,-0.21,0.92
-0.04,-0.21,0.91
-0.06,-0.22,0.92
-0.08,-0.24,0.91
-0.09,-0.27,0.91
-0.06,-0.24,0.92
-0.05,-0.22,0.95
-0.04,-0.21,0.95
-0.04,-0.21,0.95
-0.06,-0.23,0.94
-0.07,-0.24,0.95
-0.06,-0.25,0.96
-0.04,-0.22,0.95
-0.03,-0.20,0.95
-0.04,-0.22,0.96
-0.04,-0.23,0.98
-0.03,-0.22,0.96
-0.02,-0.21,0.94
-0.01,-0.21,0.92
-0.00,-0.20,0.92
0.01,-0.21,0.93
-0.00,-0.19,0.92
-0.01,-0.18,0.92
-0.01,-0.19,0.94
-0.02,-0.20,0.96
-0.00,-0.19,0.94
0.01,-0.17,0.92
0.02,-0.16,0.94
0.01,-0.17,0.96
-0.00,-0.17,0.95
0.01,-0.15,0.94
0.02,-0.15,0.95
-0.01,-0.17,0.95
0.01,-0.21,0.98
0.01,-0.15,0.96
0.03,-0.13,0.95
0.03,-0.12,0.95
0.02,-0.11,0.94
0.05,-0.12,0.95
0.02,-0.12,0.97
0.03,-0.12,0.95
0.03,-0.14,0.95
0.02,-0.15,0.96
0.02,-0.14,0.96


x,y,z
0.21,-0.60,0.83
0.16,-0.50,0.61
0.15,-0.33,0.50
0.09,-0.06,0.50
0.08,0.40,0.56
0.20,0.65,0.64
0.16,0.61,0.60
0.15,0.75,0.79
0.20,1.01,0.89
0.31,1.39,0.89
0.23,1.46,0.88
0.38,2.01,0.96
0.56,2.60,0.99
0.41,2.41,0.78
0.18,2.13,0.32
0.04,1.75,0.13
-0.25,1.09,0.18
-0.59,0.71,0.36
-1.31,-0.39,0.65
-1.63,-2.31,1.17
-1.21,-2.56,1.42
-0.64,-1.79,1.24
-0.44,-1.32,1.12
-0.33,-1.14,0.86
-0.30,-1.21,0.65
-0.40,-1.04,0.35
-0.87,-1.03,0.27
-1.23,-1.38,0.36
-1.59,-1.96,0.35
-1.85,-1.48,0.27
-1.95,-0.19,0.52
-1.76,0.19,1.41
-1.25,2.09,2.40
-0.08,3.80,2.65
0.47,2.48,2.17
0.36,1.61,1.98
0.35,1.85,1.53
0.21,1.66,1.11
0.04,1.14,1.00
0.02,1.13,1.02
0.08,1.41,0.96
0.10,1.48,0.93
0.04,1.47,0.91
-0.05,1.56,0.93
-0.26,1.52,0.85
-0.43,1.28,0.59
-0.51,1.05,0.70
-0.48,1.03,0.84
-1.06,-0.19,0.83
-1.91,-2.24,1.05
-1.66,-2.95,1.22
-0.95,-2.12,1.15
-0.60,-1.42,1.05
-0.27,-0.92,1.01
-0.01,-0.65,0.83
0.15,-0.35,0.75
0.19,-0.16,0.77
0.15,-0.14,0.87
0.12,-0.22,0.90
0.08,-0.22,0.85
0.10,-0.09,0.89
0.17,-0.01,0.98
0.16,-0.05,1.04
0.11,-0.10,1.00
0.06,-0.17,0.96
0.10,-0.10,0.93
0.13,-0.06,0.97
0.12,-0.06,0.97
0.11,-0.08,0.94
0.13,-0.07,0.92
0.09,-0.08,0.91
0.08,-0.11,0.91
0.07,-0.14,0.91
0.08,-0.12,0.92
0.09,-0.10,0.98
0.11,-0.06,0.98
0.11,-0.06,0.96
0.10,-0.08,0.94
0.10,-0.10,0.92
0.10,-0.13,0.92
0.08,-0.13,0.90
0.09,-0.08,0.91
0.10,-0.08,0.93
0.10,-0.12,0.97
0.09,-0.12,0.95
0.08,-0.15,0.94
0.08,-0.14,0.94
0.10,-0.12,0.96
0.10,-0.10,0.94
0.10,-0.13,0.93
0.10,-0.16,0.92
0.11,-0.13,0.98
0.09,-0.12,0.97
0.06,-0.20,0.97
0.07,-0.21,0.99
0.09,-0.15,0.95
0.12,-0.11,0.92
0.16,-0.10,0.90
0.16,-0.11,0.89
0.15,-0.11,0.93
0.16,-0.10,0.93
0.17,-0.09,0.93
0.17,-0.06,0.90
0.18,-0.03,0.90
0.17,-0.09,0.94
0.16,-0.11,0.90
0.16,-0.12,0.89
0.16,-0.11,0.87
0.18,-0.05,0.92
0.16,-0.11,0.93
0.13,-0.14,0.95
0.12,-0.14,0.92
0.16,-0.05,0.91
0.23,0.05,0.92
0.25,0.03,0.97
0.26,0.02,0.99
0.23,0.02,0.96
0.22,0.02,0.87
0.23,-0.03,0.89
0.22,-0.03,0.90
0.21,-0.02,0.93
0.20,-0.02,0.91
0.22,0.02,0.90
0.23,0.05,0.90
0.22,0.02,0.93
0.21,-0.01,0.94
0.20,-0.00,0.93
0.19,0.00,0.92
0.21,0.02,0.90
0.20,-0.00,0.93
0.17,-0.05,0.94
0.17,-0.06,0.94
0.17,-0.03,0.91
0.25,0.16,0.93
0.25,0.09,0.97
0.21,0.02,0.95
0.20,0.02,0.91
0.21,0.05,0.88
0.21,0.04,0.90
0.19,0.00,0.93
0.19,0.00,0.95
0.20,0.03,0.94
0.20,0.04,0.93
0.21,0.05,0.95
0.20,0.02,0.95
0.20,0.01,0.94
0.20,0.03,0.94
0.21,0.05,0.93
0.21,0.05,0.92
0.21,0.06,0.92


x,y,z
0.34,0.26,0.58
0.33,0.20,0.68
0.33,0.17,0.72
0.36,0.29,0.68
0.38,0.36,0.69
0.38,0.38,0.81
0.39,0.41,0.85
0.43,0.43,0.80
0.46,0.48,0.78
0.43,0.47,0.88
0.40,0.42,0.84
0.42,0.41,0.77
0.45,0.46,0.68
0.42,0.42,0.71
0.36,0.32,0.78
0.36,0.37,0.76
0.41,0.48,0.73
0.47,0.70,0.72
0.40,0.84,0.73
0.37,0.90,0.81
0.52,1.42,1.11
0.98,2.72,1.29
0.68,2.56,0.97
0.06,1.73,0.44
-0.40,1.10,0.18
-0.99,0.05,0.21
-1.30,-1.21,0.80
-1.48,-1.93,0.90
-1.14,-2.13,1.05
-0.66,-1.90,1.17
-0.32,-1.39,0.99
-0.38,-1.26,0.73
-0.38,-1.52,0.74
-0.32,-1.41,0.67
-0.43,-1.10,0.64
-0.81,-1.31,0.67
-1.09,-1.54,0.63
-1.29,-1.45,0.43
-1.38,-1.02,0.37
-1.28,0.03,0.56
-0.81,0.90,1.17
-0.27,1.73,1.70
0.02,1.64,1.90
0.18,1.66,1.98
0.33,1.71,1.85
0.29,1.48,1.43
0.12,1.15,1.16
0.05,1.07,1.22
0.01,0.98,1.20
-0.02,0.94,1.14
-0.02,0.88,1.13
0.04,0.95,1.17
-0.01,1.08,1.05
-0.14,1.07,0.89
-0.16,1.09,0.89
-0.25,1.07,0.87
-0.36,0.95,0.67
-0.41,0.55,0.56
-0.27,0.72,0.75
-0.49,0.42,0.99
-1.00,-0.67,1.13
-1.23,-1.74,1.18
-1.08,-1.87,1.19
-1.17,-1.66,1.00
-0.28,-0.77,1.07
-0.32,-1.10,1.13
-0.28,-1.10,1.13
-0.31,-1.03,1.02
-0.20,-0.82,0.92
-0.03,-0.36,0.85
0.05,-0.15,0.91
0.05,-0.17,0.96
0.10,-0.03,0.96
0.17,0.08,0.94
0.14,0.12,0.90
0.10,0.03,0.93
0.06,-0.03,0.96
0.07,0.02,0.97
0.10,0.04,0.96
0.13,0.02,0.95
0.12,-0.02,0.96
0.09,-0.03,0.92
0.08,-0.10,0.90
0.08,-0.10,0.91
0.10,-0.03,0.94
0.08,-0.03,0.88
0.08,-0.06,0.90
0.08,-0.05,0.92
0.08,-0.04,0.95
0.07,-0.07,0.96
0.09,-0.08,0.98
0.09,-0.06,0.98
0.08,-0.07,0.96
0.11,-0.09,0.97
0.09,-0.06,0.95
0.08,-0.07,0.92
0.10,-0.07,0.92
0.10,-0.08,0.95
0.10,-0.06,0.95
0.07,-0.12,0.96
0.04,-0.21,1.01
0.08,-0.11,1.00
0.09,-0.06,0.94
0.05,-0.10,0.89
0.16,0.05,0.92
0.15,0.01,0.94
0.13,-0.01,0.89
0.11,-0.05,0.92
0.12,-0.04,0.92
0.12,0.02,0.90
0.16,0.08,0.95
0.17,0.12,0.99
0.15,0.08,0.98
0.12,0.01,0.96
0.13,0.00,0.92
0.15,0.04,0.91
0.14,0.06,0.91
0.12,0.02,0.91
0.12,-0.03,0.93
0.12,-0.02,0.93
0.13,0.02,0.93
0.14,0.01,0.94
0.13,0.00,0.94
0.12,-0.01,0.96
0.12,-0.02,0.96
0.15,0.05,0.95
0.17,0.11,0.95
0.14,0.05,0.94
0.13,-0.00,0.94
0.13,0.00,0.95
0.13,0.01,0.96
0.14,0.04,0.97
0.13,0.03,0.97
0.13,0.01,0.94
0.14,0.01,0.94
0.14,0.02,0.95
0.13,0.02,0.95
0.14,0.01,0.94
0.14,0.05,0.94
0.13,0.02,0.92
0.12,-0.00,0.92
0.13,-0.01,0.94
0.12,0.01,0.95
0.13,0.03,0.94
0.14,0.01,0.93
0.13,0.00,0.95
0.13,0.01,0.96
0.14,0.01,0.95
0.14,0.02,0.94
0.13,0.02,0.95


x,y,z
0.39,-0.06,0.87
0.37,-0.04,0.86
0.35,-0.02,0.85
0.35,0.00,0.89
0.39,0.25,1.01
0.45,0.83,1.13
0.55,1.46,1.10
0.59,1.70,1.17
0.57,1.80,1.18
0.53,1.90,1.14
0.40,1.64,0.99
0.17,1.13,0.57
-0.45,0.19,0.21
-1.16,-1.23,0.18
-1.13,-1.69,0.47
-0.81,-1.63,0.60
-0.53,-1.41,0.88
-0.27,-1.28,1.17
-0.24,-1.19,0.93
-0.28,-1.10,0.67
-0.50,-1.17,0.58
-0.81,-1.41,0.56
-1.19,-1.87,0.59
-1.31,-1.68,0.62
-1.32,-1.23,0.49
-1.40,-0.69,0.57
-1.40,-0.29,0.84
-1.29,0.63,1.34
-0.60,1.76,1.95
-0.18,1.63,1.95
-0.36,1.08,1.52
-0.15,1.25,1.87
0.23,1.84,2.06
0.27,1.98,1.50
0.10,1.53,1.15
0.08,1.40,1.25
0.14,1.41,1.27
0.05,1.39,1.13
-0.03,1.33,1.06
-0.17,1.25,0.93
-0.33,1.04,0.82
-0.45,0.85,0.71
-0.51,0.77,0.66
-0.50,0.51,0.69
-0.71,0.08,0.74
-1.05,-0.64,0.86
-1.32,-1.32,0.90
-1.46,-1.97,0.89
-1.24,-2.24,0.97
-0.82,-1.80,0.89
-0.46,-1.14,0.74
-0.31,-0.88,0.64
-0.09,-0.60,0.79
-0.01,-0.45,0.85
-0.03,-0.42,0.79
-0.01,-0.41,0.79
0.03,-0.38,0.81
0.05,-0.23,0.90
0.03,-0.24,1.02
0.05,-0.20,1.03
0.03,-0.18,0.93
0.02,-0.16,0.87
0.06,-0.18,0.92
0.08,-0.25,1.08
0.02,-0.19,0.97
0.06,-0.11,0.86
0.08,-0.16,0.92
0.06,-0.20,0.90
0.07,-0.20,0.92
0.14,-0.11,0.96
0.12,-0.14,0.97
0.06,-0.22,0.99
0.06,-0.23,0.92
0.09,-0.18,0.92
0.08,-0.16,0.93
0.07,-0.16,0.91
0.08,-0.20,0.91
0.11,-0.15,0.93
0.10,-0.10,0.93
0.08,-0.15,0.90
0.08,-0.19,0.92
0.09,-0.17,0.92
0.08,-0.16,0.93
0.07,-0.18,0.95
0.07,-0.19,0.96
0.07,-0.16,0.94
0.06,-0.17,0.92
0.06,-0.19,0.93
0.08,-0.17,0.93
0.07,-0.14,0.92
0.06,-0.17,0.89
0.06,-0.20,0.88
0.06,-0.20,0.86
0.09,-0.18,0.93
0.12,-0.14,0.97
0.10,-0.13,0.98
0.10,-0.13,0.98
0.09,-0.13,0.97
0.08,-0.15,0.98
0.09,-0.12,0.97
0.10,-0.10,0.97
0.11,-0.13,0.99
0.10,-0.11,0.95
0.10,-0.07,0.91
0.11,-0.11,0.94
0.12,-0.13,0.95
0.09,-0.11,0.95
0.09,-0.09,0.95
0.10,-0.09,0.97
0.09,-0.12,0.97
0.09,-0.14,0.99
0.10,-0.12,0.97
0.11,-0.10,0.94
0.11,-0.08,0.91
0.11,-0.11,0.92
0.11,-0.10,0.92
0.11,-0.10,0.93
0.15,-0.10,0.93
0.16,-0.08,0.94
0.11,-0.08,0.95
0.10,-0.12,1.02
0.07,-0.18,1.04
0.08,-0.16,1.02
0.11,-0.08,0.94
0.12,-0.08,0.93
0.11,-0.09,0.93
0.12,-0.10,0.95
0.12,-0.08,0.95
0.12,-0.07,0.94
0.14,-0.09,0.96
0.14,-0.09,0.97
0.11,-0.14,1.02
0.09,-0.18,1.04
0.12,-0.14,0.97
0.13,-0.13,0.95
0.16,-0.12,0.95
0.20,-0.10,0.95
0.19,-0.15,1.01
0.18,-0.15,1.01
0.18,-0.12,1.01
0.18,-0.10,0.97
0.19,-0.06,0.93
0.20,-0.04,0.90
0.22,-0.02,0.86
0.21,-0.00,0.83
0.23,0.02,0.84
0.24,0.02,0.85
0.23,0.03,0.85
0.19,-0.03,0.90
0.19,-0.07,0.94


x,y,z
0.53,-0.49,1.30
0.53,-0.38,1.18
0.34,-0.51,1.08
0.22,-0.53,0.89
0.21,-0.32,0.70
0.21,-0.10,0.68
0.22,0.14,0.64
0.17,0.33,0.44
0.20,0.50,0.46
0.27,0.66,0.52
0.27,0.66,0.56
0.32,0.73,0.56
0.38,0.71,0.58
0.39,0.66,0.68
0.40,0.55,0.76
0.40,0.47,0.67
0.37,0.41,0.64
0.39,0.48,0.71
0.36,0.64,0.83
0.38,0.87,0.97
0.61,1.45,1.28
1.33,3.34,1.64
0.75,3.10,1.07
-0.03,2.21,0.30
-0.77,0.65,-0.09
-1.40,-0.80,-0.12
-1.65,-2.29,0.58
-0.95,-2.09,1.21
-0.39,-1.36,1.45
-0.37,-1.64,1.07
-0.21,-1.56,0.74
-0.17,-1.23,0.28
-0.33,-1.42,0.40
-0.63,-1.87,0.49
-0.91,-1.69,0.17
-0.98,-1.43,0.09
-1.07,-1.34,0.31
-1.27,-1.28,0.38
-1.47,-0.67,0.26
-1.24,0.30,0.54
-0.57,1.55,1.45
-0.24,1.57,2.13
0.21,1.92,2.45
0.59,2.17,2.48
0.23,1.26,1.89
0.02,0.95,1.37
-0.05,0.92,1.00
0.08,1.06,1.17
0.09,1.02,1.33
0.08,1.14,1.34
0.08,1.31,1.25
0.01,1.51,1.10
-0.20,1.60,0.88
-0.33,1.82,0.49
-0.44,1.71,0.30
-0.74,0.77,0.33
-0.99,-0.39,1.00
-1.65,-1.82,1.46
-1.64,-2.72,1.58
-1.13,-2.54,1.31
-0.56,-1.64,0.95
-0.35,-1.36,1.06
-0.01,-0.76,0.94
0.21,-0.17,0.81
0.24,-0.06,0.74
0.21,-0.06,0.67
0.18,-0.05,0.75
0.13,-0.07,0.94
0.09,-0.12,0.97
0.03,-0.18,0.97
0.04,-0.17,0.97
0.07,-0.09,0.96
0.09,-0.11,0.89
0.11,-0.09,0.88
0.11,-0.09,0.88
0.11,-0.12,0.94
0.10,-0.15,0.98
0.10,-0.09,0.95
0.10,-0.11,0.95
0.10,-0.13,0.94
0.07,-0.19,0.90
0.08,-0.20,0.95
0.10,-0.16,0.99
0.11,-0.16,0.98
0.10,-0.18,0.94
0.10,-0.17,0.97
0.10,-0.15,0.97
0.13,-0.14,0.95
0.12,-0.16,0.93
0.12,-0.16,0.94
0.13,-0.13,0.97
0.14,-0.10,0.95
0.13,-0.12,0.93
0.12,-0.14,0.93
0.13,-0.13,0.93
0.14,-0.10,0.91
0.15,-0.07,0.90
0.14,-0.13,0.93
0.14,-0.13,0.93
0.15,-0.09,0.92
0.15,-0.10,0.94
0.13,-0.13,0.95
0.12,-0.13,0.96
0.14,-0.09,0.94
0.15,-0.10,0.92
0.14,-0.11,0.90
0.14,-0.13,0.90
0.15,-0.11,0.92
0.15,-0.10,0.94
0.14,-0.10,0.96
0.14,-0.11,0.98
0.13,-0.10,0.94
0.12,-0.13,0.92
0.13,-0.13,0.94
0.15,-0.11,0.96
0.14,-0.10,0.94
0.15,-0.11,0.93
0.14,-0.11,0.94
0.14,-0.11,0.96
0.15,-0.10,0.95
0.14,-0.12,0.94
0.15,-0.11,0.94
0.16,-0.09,0.94
0.16,-0.08,0.93
0.15,-0.09,0.91
0.14,-0.10,0.92
0.15,-0.10,0.95
0.15,-0.09,0.93
0.16,-0.09,0.94
0.15,-0.11,0.95
0.13,-0.12,0.95
0.13,-0.10,0.95
0.16,-0.08,0.94
0.16,-0.09,0.94
0.14,-0.11,0.94
0.15,-0.10,0.94
0.18,-0.07,0.94
0.16,-0.11,0.97
0.14,-0.11,0.98
0.14,-0.11,0.95
0.14,-0.10,0.93
0.15,-0.08,0.91
0.17,-0.06,0.92
0.16,-0.09,0.95
0.15,-0.10,0.95
0.15,-0.09,0.94
0.16,-0.08,0.95
0.16,-0.12,0.98
0.15,-0.17,0.97
0.15,-0.15,0.96


x,y,z
0.44,-0.21,0.96
0.45,-0.22,0.90
0.46,-0.21,0.80
0.43,-0.24,0.85
0.47,-0.15,0.83
0.46,0.02,0.71
0.44,0.01,0.79
0.38,-0.05,0.88
0.34,0.01,0.86
0.37,0.08,0.84
0.38,0.18,0.75
0.37,0.20,0.79
0.35,0.22,0.81
0.37,0.37,0.85
0.49,0.75,0.92
0.59,1.08,0.97
0.62,1.43,0.92
0.74,1.85,0.94
0.86,2.17,0.75
0.58,1.93,0.52
0.23,1.41,0.44
-0.37,0.30,0.53
-1.14,-1.27,0.67
-1.39,-2.37,0.97
-0.83,-2.04,1.26
-0.41,-1.55,1.28
-0.10,-1.11,1.01
0.06,-1.00,0.91
0.00,-0.98,0.64
-0.54,-1.48,0.52
-0.95,-1.68,0.34
-1.05,-1.71,0.22
-1.58,-1.81,0.29
-1.81,-1.58,1.05
-1.26,0.10,1.14
-0.81,1.16,0.77
-0.34,1.79,1.29
0.62,2.63,2.33
0.62,1.98,2.15
0.20,1.15,1.46
-0.05,0.96,1.08
0.01,1.12,1.47
-0.02,1.02,1.35
-0.01,0.81,1.13
0.02,0.96,1.18
0.11,1.08,1.20
0.07,1.14,1.18
-0.07,1.16,1.11
-0.07,1.34,1.19
-0.15,1.29,0.93
-0.29,1.01,0.49
-0.55,0.40,0.70
-0.67,0.13,0.77
-0.66,-0.22,1.05
-0.90,-1.03,1.21
-1.17,-1.57,1.03
-0.84,-1.51,1.27
-0.48,-1.31,1.37
-0.12,-0.73,1.13
0.03,-0.50,0.92
0.09,-0.48,0.90
0.03,-0.49,0.77
-0.01,-0.41,0.92
-0.01,-0.24,1.01
0.05,-0.02,1.03
0.11,0.08,1.03
0.13,0.16,0.97
0.09,0.14,0.90
0.02,0.03,0.91
0.03,0.00,0.95
0.05,0.04,0.99
0.05,0.07,1.00
0.06,0.05,1.05
0.06,-0.00,1.00
0.04,-0.01,0.94
0.04,-0.04,0.94
0.03,-0.07,0.94
0.03,-0.08,0.93
0.06,-0.05,0.93
0.09,-0.02,0.94
0.08,-0.01,0.94
0.06,-0.02,0.94
0.05,-0.04,0.96
0.05,-0.01,0.96
0.06,-0.04,0.93
0.03,-0.05,0.93
0.05,-0.01,0.94
0.08,-0.02,0.98
0.07,-0.04,0.97
0.06,-0.07,0.97
0.06,-0.05,0.96
0.09,-0.02,0.96
0.07,-0.07,0.95
0.08,-0.06,0.96
0.09,-0.04,0.98
0.08,-0.04,0.96
0.06,-0.06,0.96
0.07,-0.12,0.99
0.07,-0.10,0.98
0.10,0.03,0.89
0.15,0.07,0.90
0.15,0.02,0.97
0.13,0.02,0.95
0.13,0.03,0.96
0.13,0.03,0.94
0.12,0.01,0.94
0.12,0.02,0.93
0.11,-0.00,0.93
0.12,0.01,0.94
0.13,0.03,0.95
0.13,0.02,0.96
0.13,0.00,0.94
0.15,0.00,0.96
0.14,0.00,0.96
0.14,-0.00,0.97
0.14,-0.01,0.98
0.13,-0.03,0.97
0.14,-0.02,0.96
0.14,-0.01,0.95
0.14,0.01,0.96
0.13,-0.02,0.94
0.13,-0.04,0.93
0.14,-0.01,0.92
0.15,0.01,0.94
0.16,0.02,0.95
0.14,-0.02,0.94
0.13,-0.03,0.91
0.14,-0.03,0.94
0.14,-0.03,0.96
0.15,-0.02,0.95
0.16,-0.01,0.93
0.16,-0.01,0.94
0.15,-0.03,0.97
0.14,-0.04,0.95
0.15,-0.01,0.93
0.16,-0.01,0.94
0.14,-0.03,0.94
0.15,-0.02,0.94
0.15,-0.03,0.93
0.13,-0.03,0.93
0.14,-0.03,0.94
0.15,-0.03,0.96
0.14,-0.03,0.96
0.15,-0.03,0.94
0.16,-0.03,0.94
0.15,-0.03,0.97
0.14,-0.03,0.96
0.15,-0.04,0.94
0.16,-0.04,0.95
0.15,-0.04,0.95


x,y,z
0.18,-0.22,0.99
0.19,-0.26,0.97
0.21,-0.26,0.93
0.17,-0.30,0.88
0.18,-0.06,0.80
0.25,0.20,0.76
0.28,0.27,0.75
0.28,0.26,0.77
0.23,0.43,0.67
0.25,0.81,0.67
0.30,1.10,0.67
0.33,1.35,0.73
0.57,2.18,0.77
0.56,2.41,0.63
0.49,2.28,0.31
0.40,2.38,-0.14
-0.07,1.67,-0.14
-0.84,0.59,0.15
-1.52,-0.55,0.61
-1.73,-2.89,1.75
-1.18,-2.64,1.46
-0.48,-1.29,0.99
0.11,-0.80,1.00
0.22,-0.78,0.93
0.04,-0.93,0.71
-0.45,-1.19,0.44
-1.15,-1.67,0.25
-1.94,-2.36,0.45
-2.33,-2.16,0.02
-2.29,-0.48,-0.18
-1.83,2.04,0.90
-0.34,2.81,2.32
0.46,2.29,3.00
0.44,2.08,2.05
0.26,1.45,1.68
0.11,1.22,1.45
-0.03,1.12,1.36
-0.11,1.04,1.30
-0.09,0.96,1.18
-0.01,0.90,1.25
0.07,1.17,1.32
0.00,1.25,1.15
-0.13,1.07,0.88
-0.24,0.99,0.72
-0.24,1.51,0.44
-0.60,0.89,0.36
-0.69,0.31,0.12
-1.02,-0.00,0.12
-1.72,-1.31,0.47
-1.99,-2.79,1.01
-1.45,-2.24,0.99
-0.80,-1.31,0.87
-0.30,-0.65,0.83
-0.16,-0.58,0.86
-0.10,-0.68,0.86
-0.08,-0.60,0.76
-0.01,-0.40,0.73
0.04,-0.33,0.84
0.01,-0.43,0.94
-0.01,-0.41,0.91
-0.05,-0.36,0.86
-0.04,-0.28,0.93
0.00,-0.26,1.00
0.03,-0.26,1.00
0.02,-0.28,0.97
0.02,-0.26,0.90
0.06,-0.22,0.92
0.09,-0.17,0.93
0.10,-0.15,0.93
0.10,-0.15,0.94
0.09,-0.19,0.94
0.06,-0.25,0.93
0.06,-0.22,0.90
0.09,-0.18,0.90
0.10,-0.17,0.93
0.09,-0.17,0.97
0.03,-0.25,1.03
0.06,-0.29,0.99
0.08,-0.26,0.89
0.12,-0.15,0.81
0.19,-0.04,0.96
0.18,-0.07,0.95
0.16,-0.13,0.94
0.15,-0.13,0.91
0.16,-0.09,0.93
0.15,-0.10,0.97
0.14,-0.09,0.97
0.11,-0.16,1.00
0.12,-0.17,1.11
0.12,-0.09,1.00
0.13,-0.04,0.81
0.20,-0.01,0.86
0.26,-0.03,0.88
0.25,-0.08,0.93
0.24,-0.10,0.90
0.23,0.00,0.85
0.25,0.03,0.87
0.25,-0.01,0.97
0.19,-0.06,0.93
0.14,-0.08,0.88
0.14,-0.11,0.92
0.17,-0.06,0.96
0.21,-0.01,0.93
0.24,0.04,0.98
0.21,0.03,0.97
0.22,0.02,0.95
0.20,0.00,0.86
0.24,0.00,0.88
0.21,-0.01,0.93
0.19,-0.06,0.96
0.24,0.01,0.92
0.27,0.10,0.88
0.25,0.08,0.93
0.26,0.01,0.99
0.25,-0.09,0.97
0.23,-0.16,0.97
0.24,0.05,0.92
0.26,0.03,0.95
0.23,-0.03,0.99
0.25,-0.05,0.98
0.23,-0.02,0.95
0.24,0.07,0.92
0.24,0.04,0.92
0.24,0.02,0.93
0.27,0.07,0.96
0.24,0.13,0.90
0.24,0.06,0.92
0.22,-0.02,0.93
0.21,-0.05,0.99
0.23,0.01,1.03
0.24,0.09,0.87
0.20,-0.09,0.78
0.26,0.01,0.87
0.28,0.08,0.92
0.25,0.01,0.91
0.22,-0.03,0.88
0.22,-0.06,0.90
0.26,-0.01,0.90
0.30,0.06,0.92
0.27,0.05,0.87
0.27,0.03,0.87
0.28,0.05,0.87
0.30,0.10,0.91
0.31,0.10,0.94
0.30,0.09,0.93
0.28,0.05,0.93
0.27,0.03,0.91
0.28,0.05,0.93
0.28,0.07,0.93
0.31,0.13,0.93


x,y,z
0.29,-0.22,0.49
0.10,-0.28,0.51
0.04,-0.26,0.52
0.09,-0.06,0.54
0.11,0.06,0.61
0.02,-0.02,0.63
0.03,0.15,0.52
0.11,0.40,0.49
0.14,0.54,0.59
0.14,0.56,0.79
0.13,0.61,0.75
0.17,0.80,0.67
0.24,0.93,0.91
0.21,0.91,1.00
0.15,0.92,0.97
0.14,1.20,0.94
0.17,1.54,1.03
0.19,1.72,1.03
0.25,2.03,0.98
0.30,2.11,0.81
0.27,1.97,0.62
0.14,1.68,0.34
0.02,1.36,0.11
-0.94,-0.10,-0.11
-1.66,-1.38,0.33
-1.47,-2.34,1.29
-0.72,-1.95,1.22
-0.44,-1.55,0.97
-0.39,-1.49,0.65
-0.19,-1.30,0.38
-0.02,-1.07,0.56
-0.08,-1.21,0.67
-0.35,-1.22,0.48
-0.92,-1.64,0.31
-1.55,-2.22,0.38
-1.91,-1.85,0.36
-2.33,-1.16,0.38
-2.41,-0.11,0.36
-1.90,1.79,1.03
-0.91,2.90,2.46
-0.56,2.33,2.46
-0.54,1.71,2.54
-0.46,1.68,2.46
-0.26,2.02,1.89
-0.28,1.69,1.32
-0.32,1.48,1.17
-0.33,1.47,1.07
-0.30,1.51,1.12
-0.44,1.40,1.12
-0.65,1.26,1.18
-0.87,0.87,0.93
-0.81,0.72,0.40
-0.72,0.58,0.36
-0.93,0.47,0.71
-1.89,-0.68,0.83
-2.50,-3.55,0.91
-1.97,-3.71,0.88
-1.11,-1.90,0.84
-0.50,-0.90,1.01
-0.15,-0.52,0.99
0.02,-0.32,0.74
0.07,-0.35,0.68
0.12,-0.34,0.67
0.18,-0.11,0.73
0.22,-0.15,0.94
0.14,-0.28,1.01
0.15,-0.22,0.96
0.15,-0.12,0.91
0.14,-0.11,0.94
0.12,-0.18,0.96
0.12,-0.21,0.93
0.15,-0.15,0.93
0.16,-0.09,0.94
0.17,-0.08,0.97
0.12,-0.18,0.97
0.09,-0.20,0.94
0.09,-0.20,0.94
0.09,-0.17,0.94
0.10,-0.22,0.99
0.12,-0.22,1.05
0.14,-0.21,0.97
0.14,-0.20,0.91
0.10,-0.27,0.83
0.12,-0.34,0.83
0.14,-0.28,0.92
0.14,-0.25,0.89
0.14,-0.29,0.87
0.15,-0.29,0.93
0.16,-0.24,0.90
0.19,-0.11,0.88
0.20,-0.10,0.87
0.19,-0.15,0.89
0.19,-0.18,0.88
0.22,-0.14,0.91
0.24,-0.10,0.97
0.23,-0.14,0.97
0.22,-0.16,0.93
0.23,-0.17,0.91
0.22,-0.17,0.90
0.21,-0.17,0.90
0.19,-0.22,0.89
0.17,-0.26,0.86
0.19,-0.25,0.90
0.21,-0.22,0.96
0.21,-0.15,0.98
0.20,-0.17,0.96
0.19,-0.18,0.93
0.19,-0.20,0.96
0.18,-0.21,0.94
0.20,-0.17,0.91
0.20,-0.16,0.90
0.21,-0.15,0.91
0.22,-0.13,0.91
0.23,-0.12,0.90
0.20,-0.14,0.94
0.21,-0.17,0.93
0.20,-0.17,0.92
0.21,-0.13,0.91
0.21,-0.13,0.90
0.21,-0.16,0.89
0.22,-0.16,0.93
0.22,-0.12,0.93
0.23,-0.11,0.92
0.23,-0.10,0.91
0.20,-0.11,0.92
0.17,-0.17,0.91
0.18,-0.15,0.91
0.20,-0.15,0.92
0.20,-0.17,0.90
0.21,-0.16,0.89
0.23,-0.14,0.91
0.22,-0.17,0.93
0.22,-0.14,0.95
0.21,-0.13,0.96
0.20,-0.14,0.97
0.18,-0.17,0.93
0.19,-0.18,0.93
0.21,-0.14,0.90
0.21,-0.12,0.90
0.22,-0.13,0.91
0.21,-0.15,0.94
0.20,-0.16,0.94
0.20,-0.15,0.93
0.20,-0.14,0.94
0.20,-0.15,0.93
0.19,-0.17,0.92
0.20,-0.14,0.92
0.21,-0.12,0.92
0.21,-0.15,0.92
0.21,-0.17,0.94


x,y,z
0.38,0.16,0.84
0.38,0.12,0.87
0.38,0.13,0.89
0.42,0.17,0.90
0.41,0.16,0.78
0.41,0.15,0.81
0.40,0.03,0.93
0.36,-0.06,0.91
0.39,-0.03,0.89
0.38,0.04,0.83
0.39,0.05,0.88
0.41,0.05,0.88
0.42,0.04,0.88
0.41,0.05,0.87
0.41,0.07,0.88
0.43,0.07,0.86
0.42,0.05,0.87
0.39,0.07,0.88
0.38,0.07,0.90
0.37,0.06,0.89
0.36,0.06,0.87
0.37,0.09,0.84
0.37,0.06,0.86
0.37,0.07,0.86
0.39,0.10,0.86
0.40,0.11,0.83
0.42,0.08,0.81
0.42,0.06,0.82
0.42,0.05,0.84
0.40,0.04,0.84
0.39,-0.00,0.88
0.39,0.01,0.89
0.38,0.01,0.89
0.38,0.00,0.86
0.41,0.05,0.89
0.38,0.14,0.80
0.43,0.19,0.87
0.42,0.13,0.91
0.41,0.11,0.89
0.39,0.10,0.87
0.38,0.06,0.87
0.37,0.05,0.89
0.37,0.02,0.89
0.38,0.01,0.86
0.39,0.01,0.87
0.40,0.03,0.87
0.39,0.04,0.87
0.39,0.05,0.91
0.37,0.09,0.91
0.38,0.47,0.95
0.60,1.48,0.87
0.91,2.56,0.76
0.47,1.90,0.76
-0.03,0.85,0.51
-0.32,0.34,0.39
-0.72,-0.48,0.78
-1.06,-1.66,1.23
-0.79,-1.97,1.15
-0.50,-1.42,1.09
-0.15,-0.94,1.17
-0.16,-1.16,0.95
-0.37,-1.49,0.46
-0.80,-1.72,0.36
-1.14,-1.86,0.37
-1.47,-1.88,0.20
-1.77,-1.79,0.20
-1.85,-0.76,0.44
-1.52,0.78,0.56
-0.84,1.92,1.80
-0.03,2.14,3.00
-0.17,1.80,2.13
0.03,1.79,2.05
0.07,1.70,1.95
-0.05,1.12,1.43
-0.16,0.68,0.96
-0.08,0.80,1.02
0.00,1.06,0.97
-0.09,0.91,1.06
-0.18,0.98,1.17
-0.18,1.16,1.16
-0.18,1.51,0.90
-0.30,1.39,0.80
-0.63,1.08,0.70
-0.84,0.52,0.51
-0.74,0.43,0.57
-0.94,-0.01,1.06
-1.67,-1.26,1.07
-1.58,-2.32,0.79
-1.19,-2.01,0.83
-0.70,-1.22,1.25
-0.53,-1.05,1.21
-0.28,-0.82,0.92
-0.20,-0.60,0.63
-0.09,-0.41,0.65
0.01,-0.32,0.85
0.04,-0.25,0.93
0.05,-0.19,0.94
0.04,-0.15,0.95
-0.01,-0.22,0.96
-0.03,-0.20,0.99
-0.04,-0.15,0.95
-0.00,-0.11,0.93
0.01,-0.12,0.96
0.00,-0.11,0.97
0.00,-0.08,0.98
0.00,-0.06,1.00
-0.00,-0.14,1.01
-0.04,-0.15,0.97
-0.05,-0.19,0.93
-0.04,-0.19,0.91
-0.00,-0.11,0.89
0.01,-0.07,0.88
-0.01,-0.14,0.91
-0.02,-0.17,0.96
-0.01,-0.10,0.94
0.07,-0.03,1.00
0.15,0.02,1.06
0.14,-0.02,1.05
0.09,-0.08,0.97
0.06,-0.11,0.92
0.05,-0.13,0.94
0.05,-0.13,0.95
0.05,-0.08,0.93
0.05,-0.09,0.94
0.05,-0.12,0.91
0.05,-0.15,0.90
0.07,-0.15,0.92
0.10,-0.10,0.94
0.13,-0.03,0.94
0.12,-0.10,0.96
0.12,-0.12,0.97
0.11,-0.12,0.96
0.10,-0.12,0.92
0.09,-0.12,0.90
0.08,-0.11,0.94
0.10,-0.13,0.94
0.08,-0.15,0.92
0.05,-0.17,0.90
0.04,-0.16,0.88
0.06,-0.14,0.90
0.07,-0.13,0.96
0.10,-0.11,1.00
0.14,-0.07,0.99
0.14,-0.06,0.99
0.12,-0.07,0.97
0.10,-0.11,0.98
0.10,-0.10,0.94
0.09,-0.11,0.93
0.08,-0.13,0.94
0.09,-0.12,0.97


x,y,z
0.43,-0.12,0.63
0.42,-0.28,0.81
0.23,-0.36,0.92
0.09,-0.54,1.01
0.18,-0.58,1.11
0.23,-0.40,1.21
0.20,-0.14,1.06
0.17,-0.13,0.87
0.18,0.04,0.76
0.17,0.23,0.71
0.21,0.50,0.72
0.26,0.52,0.72
0.15,0.15,0.79
0.08,0.10,0.77
0.09,0.28,0.59
0.20,0.40,0.45
0.24,0.40,0.46
0.18,0.42,0.58
0.17,0.80,0.68
0.26,1.74,0.87
0.27,2.22,1.14
0.42,2.70,1.46
0.56,3.92,1.34
-0.19,2.96,0.81
-0.69,1.84,0.58
-1.49,-0.13,0.14
-1.77,-1.43,0.10
-1.40,-1.87,0.56
-1.11,-2.39,1.04
-0.58,-2.14,1.20
-0.22,-1.47,0.57
0.22,-0.91,0.38
0.23,-0.86,0.43
0.02,-1.26,0.70
-0.51,-1.45,0.25
-1.31,-1.86,-0.34
-2.06,-2.80,-0.25
-2.61,-3.03,0.27
-2.51,-1.13,-0.01
-1.78,0.78,0.59
-1.27,1.71,2.06
-0.74,2.63,2.77
0.05,2.79,3.40
0.15,1.56,2.82
-0.04,1.32,1.63
0.11,1.63,1.88
0.11,1.64,1.84
-0.04,1.23,1.42
-0.18,1.00,1.04
-0.22,0.91,0.83
-0.21,1.02,0.86
-0.21,1.03,1.11
-0.25,1.40,1.02
-0.38,1.48,0.81
-0.67,1.49,0.58
-0.97,0.76,0.65
-1.23,-0.46,0.68
-1.93,-1.39,0.59
-2.13,-2.35,0.71
-1.80,-2.47,0.92
-1.06,-1.88,1.07
-0.62,-1.11,0.58
-0.27,-0.85,0.49
-0.06,-0.69,0.63
0.07,-0.43,0.73
0.02,-0.45,0.80
-0.05,-0.62,0.93
-0.15,-0.54,0.95
-0.19,-0.51,1.03
-0.18,-0.46,1.07
-0.16,-0.46,1.06
-0.17,-0.47,0.95
-0.16,-0.41,0.84
-0.10,-0.23,0.91
-0.07,-0.35,1.07
-0.08,-0.37,0.94
-0.04,-0.30,0.83
-0.03,-0.28,0.82
-0.03,-0.28,0.91
-0.04,-0.31,0.91
-0.02,-0.28,0.87
0.03,-0.19,0.93
0.04,-0.23,0.96
0.05,-0.19,0.92
0.06,-0.20,0.90
0.10,-0.19,0.95
0.14,-0.11,0.94
0.14,-0.09,0.90
0.13,-0.20,0.93
0.11,-0.25,0.93
0.11,-0.20,0.88
0.11,-0.19,0.91
0.09,-0.27,0.96
0.09,-0.29,0.94
0.09,-0.22,0.90
0.09,-0.21,0.87
0.10,-0.23,0.91
0.12,-0.18,0.93
0.12,-0.18,0.93
0.13,-0.18,0.92
0.14,-0.14,0.91
0.14,-0.12,0.94
0.10,-0.19,0.97
0.10,-0.21,0.99
0.12,-0.19,0.95
0.12,-0.14,0.91
0.11,-0.12,0.92
0.11,-0.18,0.95
0.11,-0.21,0.97
0.10,-0.18,0.94
0.10,-0.18,0.93
0.10,-0.17,0.94
0.11,-0.18,0.96
0.12,-0.17,0.96
0.13,-0.14,0.96
0.14,-0.12,0.95
0.12,-0.14,0.93
0.14,-0.14,0.92
0.16,-0.10,0.92
0.17,-0.07,0.92
0.14,-0.10,0.91
0.13,-0.13,0.90
0.11,-0.15,0.93
0.10,-0.14,0.95
0.10,-0.14,0.95
0.10,-0.16,0.97
0.11,-0.16,1.00
0.13,-0.09,0.98
0.13,-0.08,0.97
0.12,-0.10,0.99
0.11,-0.14,0.99
0.10,-0.13,0.96
0.11,-0.12,0.95
0.10,-0.10,0.91
0.10,-0.13,0.91
0.12,-0.11,0.95
0.14,-0.08,0.98
0.15,-0.05,0.98
0.15,-0.02,0.94
0.14,-0.02,0.93
0.13,-0.06,0.94
0.13,-0.08,0.91
0.14,-0.06,0.91
0.16,-0.05,0.90
0.13,-0.08,0.90
0.11,-0.10,0.97
0.11,-0.11,0.98
0.13,-0.07,0.93
0.12,-0.08,0.92
0.12,-0.10,0.95


x,y,z
0.29,0.27,0.66
0.23,0.10,0.68
0.24,0.13,0.74
0.30,0.24,0.71
0.33,0.18,0.68
0.22,-0.00,0.70
0.18,0.02,0.78
0.19,0.11,0.79
0.21,0.20,0.82
0.18,0.37,0.93
0.15,0.56,0.99
0.17,1.01,1.12
0.31,2.19,1.59
0.40,2.67,1.30
0.39,2.62,0.82
0.26,2.63,0.60
-0.07,2.02,0.41
-0.71,0.80,0.24
-1.76,-0.81,0.38
-2.02,-1.71,0.80
-1.70,-2.74,1.15
-1.18,-2.52,1.38
-0.65,-1.99,1.13
-0.32,-1.55,0.71
0.06,-0.68,0.32
-0.11,-0.67,0.47
-0.83,-1.62,0.55
-1.59,-2.23,0.30
-1.98,-2.21,0.48
-2.36,-1.91,0.73
-2.76,-0.92,0.55
-2.91,1.43,1.28
-1.62,3.93,2.25
-0.27,2.73,2.84
-0.14,2.26,2.66
0.11,2.59,2.33
0.15,2.24,1.93
-0.11,1.48,1.34
-0.28,1.35,1.03
-0.29,1.45,1.09
-0.25,1.64,1.21
-0.41,1.48,1.15
-0.59,1.47,0.80
-0.82,1.41,0.40
-1.02,0.94,0.29
-1.09,-0.16,0.21
-0.76,-0.93,0.45
-1.08,-1.58,0.87
-1.64,-2.48,1.39
-1.22,-2.51,1.75
-0.84,-1.50,1.46
-0.31,-0.55,1.14
-0.08,-0.37,0.89
-0.02,-0.30,0.79
-0.04,-0.37,0.63
-0.01,-0.34,0.75
-0.01,-0.27,0.91
0.02,-0.19,1.02
0.02,-0.16,1.03
-0.05,-0.22,1.02
-0.09,-0.27,1.01
-0.08,-0.31,0.99
-0.06,-0.25,0.90
0.01,-0.15,0.93
0.07,-0.07,0.97
0.07,-0.08,0.95
0.06,-0.11,0.99
0.04,-0.07,1.02
0.05,0.04,1.00
0.08,0.09,0.96
0.10,0.04,0.95
0.09,0.02,0.92
0.08,0.01,0.91
0.07,-0.03,0.89
0.08,-0.04,0.90
0.08,-0.02,0.89
0.09,-0.02,0.91
0.09,-0.07,0.96
0.07,-0.08,0.98
0.08,-0.06,0.95
0.11,0.01,0.91
0.10,0.00,0.91
0.10,-0.02,0.95
0.11,-0.01,0.96
0.12,-0.00,0.93
0.10,-0.02,0.94
0.09,-0.03,0.95
0.10,-0.02,0.95
0.09,-0.00,0.94
0.06,-0.03,0.99
0.05,-0.08,0.99
0.07,-0.09,0.99
0.09,-0.03,0.96
0.12,0.01,0.94
0.11,-0.00,0.96
0.10,-0.01,0.98
0.11,-0.00,1.00
0.12,0.00,0.97
0.14,0.03,0.95
0.13,0.04,0.94
0.13,0.06,0.94
0.14,0.04,0.94
0.14,0.03,0.93
0.14,0.04,0.93
0.14,0.06,0.92
0.15,0.07,0.92
0.13,0.05,0.95
0.12,0.01,0.98
0.15,0.03,0.95
0.16,0.06,0.93
0.16,0.07,0.92
0.16,0.05,0.92
0.15,0.05,0.92
0.15,0.05,0.93
0.14,0.06,0.95
0.12,0.03,0.98
0.14,0.05,0.97
0.15,0.06,0.95
0.15,0.06,0.94
0.14,0.05,0.93
0.14,0.04,0.96
0.14,0.04,0.94
0.14,0.03,0.92
0.15,0.05,0.92
0.15,0.06,0.95
0.15,0.04,0.94
0.15,0.04,0.93
0.16,0.05,0.92
0.16,0.07,0.90
0.15,0.07,0.92
0.14,0.03,0.95
0.14,0.04,0.96
0.13,0.05,0.96
0.13,0.05,0.97
0.13,0.03,0.98
0.12,0.02,0.98
0.13,0.01,0.97
0.14,0.02,0.95
0.15,0.05,0.94
0.16,0.06,0.94
0.14,0.05,0.96
0.14,0.05,0.96
0.14,0.04,0.96
0.15,0.05,0.94
0.15,0.05,0.94
0.15,0.05,0.94
0.14,0.06,0.93
0.15,0.05,0.93
0.15,0.04,0.94
0.15,0.05,0.95


x,y,z
0.18,0.53,0.68
0.23,0.77,0.86
0.22,0.77,0.87
0.22,0.66,0.82
0.20,0.64,0.87
0.19,0.72,0.86
0.19,0.68,0.83
0.17,0.61,0.77
0.15,0.85,0.92
0.16,1.24,1.10
0.30,1.96,1.35
0.42,2.61,1.19
0.54,3.33,0.95
0.13,3.33,0.83
-0.73,1.95,0.65
-1.58,0.12,0.36
-2.09,-1.23,0.32
-1.96,-2.07,0.45
-1.28,-2.27,0.58
-0.87,-2.09,0.74
-0.56,-1.74,0.87
-0.09,-1.27,0.75
-0.04,-1.01,0.49
-0.50,-1.32,0.42
-0.94,-1.74,0.24
-1.31,-1.98,0.21
-1.69,-1.85,0.15
-2.00,-1.73,0.59
-2.09,-1.23,0.90
-2.27,0.24,0.90
-1.62,2.04,1.60
-0.03,3.20,2.73
0.11,2.09,2.58
-0.14,1.67,2.04
0.15,2.17,2.37
0.23,2.24,2.00
0.02,1.56,1.39
-0.03,1.55,0.96
-0.02,1.62,0.89
-0.23,1.45,0.93
-0.35,1.48,1.01
-0.48,1.64,0.96
-0.70,1.80,0.66
-1.11,1.12,0.52
-1.14,-0.29,0.50
-1.03,-1.01,0.52
-1.47,-2.02,0.84
-1.53,-2.79,1.46
-0.67,-2.22,1.38
-0.38,-1.67,1.09
-0.13,-1.05,1.14
0.12,-0.61,1.08
0.12,-0.33,0.82
0.16,-0.18,0.70
0.17,-0.00,0.65
0.11,-0.05,0.86
0.11,-0.09,0.95
0.11,-0.07,1.03
0.10,-0.07,1.01
0.03,-0.13,0.97
-0.01,-0.27,0.98
0.01,-0.27,0.97
0.08,-0.16,0.93
0.15,0.00,0.95
0.18,0.05,1.01
0.17,-0.01,1.02
0.13,-0.06,0.97
0.09,-0.13,0.95
0.09,-0.14,0.95
0.13,-0.12,0.96
0.14,-0.09,0.93
0.16,-0.09,0.95
0.16,-0.07,0.97
0.14,-0.13,0.97
0.12,-0.16,0.97
0.12,-0.13,0.95
0.12,-0.11,0.95
0.13,-0.11,0.94
0.15,-0.10,0.92
0.16,-0.08,0.92
0.15,-0.08,0.93
0.16,-0.06,0.93
0.17,-0.06,0.90
0.17,-0.06,0.91
0.16,-0.06,0.93
0.15,-0.07,0.93
0.18,-0.04,0.98
0.18,-0.04,0.98
0.17,-0.03,0.97
0.17,-0.04,0.92
0.19,-0.04,0.91
0.21,-0.02,0.93
0.21,-0.01,0.93
0.19,-0.03,0.93
0.19,-0.04,0.94
0.20,-0.01,0.94
0.19,-0.01,0.92
0.19,-0.04,0.92
0.18,-0.07,0.93
0.19,-0.06,0.93
0.19,-0.04,0.90
0.20,-0.03,0.92
0.19,-0.05,0.95
0.18,-0.06,0.95
0.18,-0.05,0.94
0.18,-0.07,0.93
0.19,-0.06,0.92
0.20,-0.01,0.94
0.20,-0.01,0.96
0.22,0.02,0.93
0.23,0.00,0.93
0.21,-0.01,0.93
0.19,-0.01,0.92
0.19,-0.02,0.94
0.19,-0.02,0.95
0.18,-0.01,0.96
0.19,-0.02,0.94
0.20,0.01,0.93
0.22,0.01,0.94
0.20,-0.04,0.94
0.17,-0.10,0.93
0.17,-0.07,0.90
0.20,-0.03,0.89
0.22,-0.01,0.91
0.22,-0.00,0.95
0.22,0.00,0.96
0.21,-0.02,0.95
0.20,-0.04,0.94
0.21,-0.04,0.93
0.21,-0.02,0.93
0.20,-0.02,0.94
0.19,-0.04,0.94
0.19,-0.04,0.94
0.20,-0.03,0.92
0.21,-0.02,0.92
0.22,-0.02,0.94
0.21,-0.02,0.96
0.21,-0.02,0.95
0.22,-0.02,0.93
0.21,-0.02,0.93
0.21,-0.03,0.94
0.20,-0.04,0.92
0.21,-0.05,0.92
0.21,-0.03,0.92
0.21,-0.01,0.92
0.21,-0.03,0.93
0.21,-0.03,0.93
0.21,-0.02,0.93
0.21,-0.01,0.92
0.21,-0.03,0.93


x,y,z
0.35,0.34,0.71
0.39,0.43,0.85
0.37,0.39,0.85
0.40,0.32,0.80
0.49,0.25,0.80
0.46,0.15,0.81
0.44,-0.01,0.76
0.49,-0.04,0.72
0.46,-0.10,0.78
0.37,-0.10,0.80
0.29,-0.09,0.79
0.23,0.15,0.86
0.31,1.02,0.99
0.52,2.41,1.15
0.71,3.34,0.79
0.87,4.00,1.21
-0.06,2.90,0.95
-0.81,1.54,0.51
-1.81,-0.73,0.23
-2.08,-2.30,0.26
-1.55,-2.42,0.25
-1.16,-2.60,0.54
-0.50,-1.95,1.12
0.04,-1.12,0.94
0.33,-0.73,0.64
0.18,-0.84,0.51
-0.15,-1.38,0.63
-0.53,-1.47,0.34
-1.27,-2.03,-0.26
-2.00,-2.52,0.06
-2.04,-2.40,0.52
-1.97,-1.20,0.40
-1.91,0.31,0.16
-0.88,2.20,1.52
-0.28,2.38,2.56
0.24,1.78,2.99
0.29,1.77,1.99
0.32,1.50,2.00
0.31,1.43,2.05
0.19,1.17,1.60
0.06,0.90,1.10
0.05,0.88,0.96
0.05,0.93,1.00
0.00,1.09,1.03
-0.11,1.18,1.08
-0.18,1.27,1.14
-0.20,1.46,1.06
-0.18,1.77,1.06
-0.43,1.63,0.93
-0.83,0.04,0.86
-1.25,-1.24,0.82
-1.65,-2.69,0.58
-0.94,-2.66,0.77
-0.47,-2.19,1.39
-0.32,-1.99,1.48
-0.04,-1.12,1.12
0.17,-0.50,0.88
0.30,-0.20,0.67
0.41,0.01,0.94
0.33,0.04,1.01
0.26,-0.07,1.02
0.30,-0.12,0.77
0.39,-0.61,0.51
0.30,-0.18,1.04
0.41,0.12,0.91
0.29,0.05,0.75
0.21,-0.16,0.83
0.24,-0.12,0.96
0.37,0.04,0.86
0.39,0.14,0.85
0.26,0.06,0.99
0.27,0.02,0.96
0.29,0.05,0.87
0.29,0.02,0.83
0.26,0.00,0.90
0.27,0.00,0.94
0.27,0.05,0.86
0.29,0.01,0.93
0.25,0.02,0.88
0.24,-0.05,1.04
0.19,-0.10,1.00
0.25,-0.02,0.93
0.28,0.02,0.88
0.28,0.03,0.91
0.26,-0.01,0.95
0.25,-0.03,0.89
0.27,0.03,0.85
0.27,0.03,0.88
0.25,-0.00,0.93
0.23,-0.01,0.92
0.25,0.03,0.89
0.26,0.04,0.89
0.28,0.05,0.89
0.26,0.02,0.89
0.27,0.00,0.90
0.27,0.01,0.90
0.26,0.01,0.91
0.27,-0.01,0.92
0.28,-0.02,0.95
0.20,0.01,0.93
0.30,0.06,0.85
0.30,0.06,0.83
0.28,0.03,0.90
0.28,0.03,0.93
0.27,0.06,0.89
0.29,0.08,0.91
0.26,0.04,0.90
0.25,0.04,0.91
0.26,0.03,0.91
0.26,0.02,0.92
0.26,0.04,0.92
0.28,0.06,0.89
0.29,0.03,0.89
0.25,0.02,0.91
0.28,0.06,0.89
0.26,0.03,0.93
0.27,0.03,0.91
0.28,0.05,0.89
0.27,0.04,0.88
0.26,-0.00,0.90
0.27,0.02,0.88
0.30,0.07,0.89
0.28,0.02,0.93
0.28,0.01,0.93
0.29,0.03,0.91
0.30,0.06,0.91
0.27,0.04,0.91
0.25,0.02,0.90
0.27,0.03,0.90
0.25,0.02,0.91
0.27,0.04,0.89
0.28,0.04,0.91
0.29,0.07,0.90
0.28,0.07,0.95
0.26,0.03,0.94
0.28,0.06,0.92
0.29,0.07,0.88
0.28,0.06,0.90
0.28,0.05,0.89
0.29,0.06,0.89
0.31,0.11,0.86
0.28,0.08,0.92
0.27,0.05,0.92
0.29,0.07,0.90
0.29,0.07,0.92
0.30,0.09,0.90
0.30,0.09,0.88
0.30,0.08,0.93
0.30,0.07,0.91
0.29,0.07,0.89


